Time [s]	Temp. [ C]	E1	E3	E4	F1	F3	F4	G1	G3	G4	Time_hs	Time
    0.0	   29.2	 9400.0	13984.0	11029.0	 8739.0	13655.0	12066.0	 9130.0	14820.0	13950.0	0	0
  300.0	   29.1	 8028.0	14047.0	11406.0	 8170.0	13760.0	12357.0	 8139.0	18559.0	14521.0	0.08333333333333333	0.0833333333333333
  600.0	   29.3	 7815.0	13106.0	11868.0	 7805.0	12944.0	12679.0	 8016.0	22108.0	14757.0	0.16666666666666666	0.166666666666667
  900	   29	 7539	12550	11871	 7571	12778	12895	 7700	22599	14647	0.25	0.25
 1200	   29	 7362	12032	12223	 7424	12669	12974	 7559	23167	15371	0.3333333333333333	0.333333333333333
 1500	   29	 7332	12898	12423	 7445	12198	13373	 7341	22309	15433	0.4166666666666667	0.416666666666667
 1800.0	   29.2	 7346.0	14090.0	12639.0	 7300.0	12267.0	13453.0	 7262.0	21442.0	15490.0	0.5	0.5
 2100.0	   29.1	 7297.0	15388.0	12609.0	 7037.0	12867.0	13617.0	 7220.0	20514.0	15831.0	0.5833333333333334	0.583333333333333
 2400.0	   29.1	 7232.0	16350.0	12980.0	 7158.0	13287.0	13975.0	 7224.0	20180.0	16159.0	0.6666666666666666	0.666666666666667
 2700.0	   29.1	 7265.0	16343.0	13290.0	 7255.0	13831.0	14149.0	 7276.0	20171.0	16590.0	0.75	0.75
 3000.0	   29.3	 7093.0	16543.0	13514.0	 7107.0	13892.0	14301.0	 7260.0	19577.0	16865.0	0.8333333333333334	0.833333333333333
 3300.0	   29.2	 7051.0	16727.0	13443.0	 7035.0	13480.0	14564.0	 7245.0	19431.0	16874.0	0.9166666666666666	0.916666666666667
 3600.0	   29.2	 7073.0	16684.0	13967.0	 7220.0	13865.0	15011.0	 7151.0	19635.0	17036.0	1	1
 3900.0	   29.1	 7128.0	16507.0	13973.0	 7163.0	14088.0	14915.0	 7255.0	19991.0	17216.0	1.0833333333333333	1.08333333333333
 4200.0	   29.2	 7099.0	16351.0	14328.0	 7033.0	14222.0	15026.0	 7286.0	19699.0	17356.0	1.1666666666666667	1.16666666666667
 4500.0	   29.2	 7093.0	16648.0	14521.0	 7182.0	14225.0	15635.0	 7272.0	20000.0	17535.0	1.25	1.25
 4800.0	   29.1	 7257.0	16172.0	14900.0	 6981.0	14068.0	15342.0	 7143.0	20387.0	17698.0	1.3333333333333333	1.33333333333333
 5100.0	   29.2	 7137.0	16602.0	15063.0	 7019.0	14179.0	15608.0	 7084.0	20072.0	17686.0	1.4166666666666667	1.41666666666667
 5400.0	   29.3	 7204.0	16188.0	14747.0	 7175.0	14318.0	15959.0	 7328.0	19662.0	17759.0	1.5	1.5
 5700.0	   29.2	 7259.0	16005.0	15181.0	 7039.0	14184.0	16045.0	 7083.0	19752.0	18206.0	1.5833333333333333	1.58333333333333
 6000.0	   29.1	 7106.0	16344.0	15492.0	 7120.0	14331.0	16247.0	 7126.0	19921.0	18059.0	1.6666666666666667	1.66666666666667
 6300.0	   29.3	 7087.0	16631.0	15506.0	 7045.0	14318.0	16023.0	 7162.0	20039.0	18252.0	1.75	1.75
 6600.1	   29.2	 7019.0	15867.0	15704.0	 7021.0	14433.0	16503.0	 7005.0	19960.0	18427.0	1.8333611111111112	1.83336111111111
 6900.1	   29.1	 7144.0	15688.0	15808.0	 6948.0	14215.0	16241.0	 7146.0	20083.0	18530.0	1.9166944444444447	1.91669444444444
 7200.1	   29.3	 7046.0	15866.0	15838.0	 6899.0	14343.0	16847.0	 7178.0	20080.0	18612.0	2.000027777777778	2.00002777777778
 7500.1	   29.3	 7097.0	15748.0	15896.0	 7164.0	14212.0	17216.0	 7036.0	20193.0	18468.0	2.0833611111111114	2.08336111111111
 7800.1	   29.1	 6947.0	16022.0	16167.0	 7034.0	14262.0	16799.0	 7321.0	19794.0	18675.0	2.1666944444444445	2.16669444444444
 8100.1	   29.3	 7047.0	16320.0	15928.0	 7018.0	14048.0	16908.0	 7076.0	20272.0	18990.0	2.250027777777778	2.25002777777778
 8400.1	   29.3	 7104.0	16102.0	16219.0	 7052.0	14218.0	17325.0	 7110.0	19919.0	18979.0	2.333361111111111	2.33336111111111
 8700.1	   29.4	 7050.0	16098.0	16098.0	 7001.0	14302.0	16955.0	 6943.0	19930.0	18968.0	2.4166944444444445	2.41669444444444
 9000.1	   29.4	 7163.0	16312.0	16179.0	 6878.0	14605.0	17341.0	 7063.0	19835.0	18991.0	2.500027777777778	2.50002777777778
 9300.1	   29.3	 6930.0	15902.0	16579.0	 7086.0	14699.0	17442.0	 7071.0	19752.0	19272.0	2.583361111111111	2.58336111111111
 9600.1	   29.2	 7028.0	15844.0	16568.0	 6987.0	14176.0	17670.0	 6929.0	19845.0	19493.0	2.6666944444444445	2.66669444444444
 9900.1	   29.2	 7036.0	16054.0	16381.0	 7100.0	14259.0	17766.0	 7171.0	19336.0	19285.0	2.750027777777778	2.75002777777778
10200.1	   29.2	 6974.0	15908.0	16692.0	 7043.0	14172.0	17818.0	 7103.0	19947.0	19043.0	2.833361111111111	2.83336111111111
10500.1	   29.1	 7085.0	15876.0	16679.0	 7143.0	14338.0	17448.0	 6991.0	19721.0	19163.0	2.9166944444444445	2.91669444444444
10800.1	   29.5	 7146.0	15894.0	16792.0	 6898.0	14219.0	17754.0	 7141.0	19625.0	18952.0	3.000027777777778	3.00002777777778
11100.2	   29.2	 7014.0	15706.0	16880.0	 7010.0	14000.0	17480.0	 7153.0	19040.0	18934.0	3.0833888888888894	3.08338888888889
11400.2	   29.0	 7028.0	16025.0	16796.0	 7183.0	13857.0	17769.0	 7097.0	19223.0	19051.0	3.1667222222222224	3.16672222222222
11700.2	   29.2	 7031.0	16101.0	16876.0	 6823.0	13500.0	17733.0	 7034.0	19581.0	19229.0	3.250055555555556	3.25005555555556
12000.2	   29.2	 7087.0	15945.0	16855.0	 6980.0	13786.0	17922.0	 7037.0	19341.0	19087.0	3.3333888888888894	3.33338888888889
12300.2	   29.3	 7145.0	15808.0	17222.0	 7080.0	13599.0	17751.0	 7133.0	19385.0	19411.0	3.4167222222222224	3.41672222222222
12600.2	   29.4	 7106.0	15903.0	17179.0	 7018.0	13800.0	17970.0	 7119.0	19620.0	19224.0	3.500055555555556	3.50005555555556
12900.2	   29.2	 6921.0	15828.0	17177.0	 6979.0	13990.0	18023.0	 7079.0	19474.0	19201.0	3.5833888888888894	3.58338888888889
13200.2	   29.3	 7127.0	16059.0	17160.0	 7086.0	14011.0	17782.0	 7166.0	19523.0	19078.0	3.6667222222222224	3.66672222222222
13500.2	   29.3	 6947.0	15975.0	17098.0	 6911.0	13677.0	18185.0	 6984.0	19253.0	19375.0	3.750055555555556	3.75005555555556
13800.2	   29.5	 6846.0	16116.0	17033.0	 6984.0	13669.0	18349.0	 6919.0	19279.0	19374.0	3.8333888888888894	3.83338888888889
14100.2	   29.5	 7001.0	16002.0	17198.0	 6888.0	13678.0	18643.0	 7162.0	18924.0	19285.0	3.9167222222222224	3.91672222222222
14400.2	   29.1	 6969.0	16005.0	17255.0	 6930.0	13428.0	18448.0	 7018.0	19034.0	19155.0	4.000055555555556	4.00005555555556
14700.2	   29.5	 7094.0	15482.0	17457.0	 6919.0	13461.0	18422.0	 7185.0	18822.0	19048.0	4.083388888888889	4.08338888888889
15000.2	   29.3	 6981.0	15150.0	17276.0	 7018.0	13736.0	18225.0	 6987.0	18644.0	19474.0	4.166722222222223	4.16672222222222
15300.2	   29.5	 7105.0	15537.0	17623.0	 6949.0	13479.0	18107.0	 7093.0	19062.0	19139.0	4.250055555555556	4.25005555555556
15600.2	   29.2	 6967.0	15376.0	17550.0	 7048.0	13402.0	18132.0	 7153.0	19090.0	19028.0	4.333388888888889	4.33338888888889
15900.2	   29.1	 6944.0	15389.0	17390.0	 6984.0	13133.0	17672.0	 7104.0	18770.0	18837.0	4.416722222222222	4.41672222222222
16200.2	   29.2	 6967.0	15359.0	17559.0	 6807.0	13377.0	17967.0	 7119.0	19125.0	19189.0	4.500055555555556	4.50005555555556
16500.2	   29.2	 6919.0	15459.0	17467.0	 7016.0	13382.0	17927.0	 7043.0	19043.0	18955.0	4.583388888888889	4.58338888888889
16800.2	   29.0	 6803.0	15388.0	17386.0	 6862.0	12840.0	17883.0	 7023.0	18567.0	19187.0	4.666722222222222	4.66672222222222
17100.2	   29.3	 6898.0	15027.0	17153.0	 7003.0	13069.0	18088.0	 7105.0	18887.0	19228.0	4.750055555555556	4.75005555555556
17400.2	   29.1	 6985.0	15188.0	17312.0	 6843.0	12819.0	18284.0	 6835.0	18729.0	18998.0	4.833388888888889	4.83338888888889
17700.2	   29.2	 6971.0	15013.0	17538.0	 6994.0	12940.0	17768.0	 7028.0	18388.0	18929.0	4.916722222222222	4.91672222222222
18000.2	   29.5	 6960.0	14971.0	17396.0	 6978.0	13140.0	17944.0	 7170.0	18636.0	18693.0	5.000055555555556	5.00005555555556
18300.2	   29.5	 7114.0	15089.0	17684.0	 6888.0	12849.0	17966.0	 7022.0	18517.0	19154.0	5.083388888888889	5.08338888888889
18600.2	   29.1	 6952.0	15216.0	17259.0	 6985.0	13035.0	17851.0	 7021.0	18711.0	18926.0	5.166722222222222	5.16672222222222
18900.2	   29.3	 6981.0	14960.0	17521.0	 6881.0	12675.0	18247.0	 7059.0	19024.0	19189.0	5.250055555555556	5.25005555555556
19200.2	   29.1	 6944.0	14710.0	17372.0	 6969.0	12525.0	18163.0	 7058.0	18549.0	18635.0	5.333388888888889	5.33338888888889
19500.2	   29.5	 6985.0	14861.0	17577.0	 6893.0	12352.0	17937.0	 7087.0	18723.0	18966.0	5.416722222222222	5.41672222222222
19800.2	   29.3	 6983.0	14590.0	17425.0	 6847.0	12497.0	17704.0	 7070.0	18446.0	18681.0	5.500055555555556	5.50005555555556
20100.2	   29.1	 6896.0	14502.0	17425.0	 6917.0	12697.0	17850.0	 6902.0	18467.0	18666.0	5.583388888888889	5.58338888888889
20400.2	   29.2	 6843.0	14667.0	17186.0	 6970.0	12624.0	17881.0	 7006.0	18215.0	18800.0	5.666722222222222	5.66672222222222
20700.3	   29.1	 6934.0	14538.0	17485.0	 7004.0	12242.0	17922.0	 7100.0	18430.0	18761.0	5.750083333333333	5.75008333333333
21000.2	   29.2	 7032.0	14561.0	17699.0	 6695.0	12116.0	17696.0	 6961.0	18382.0	18846.0	5.833388888888889	5.83338888888889
21300.3	   29.1	 6903.0	14464.0	17234.0	 6906.0	12598.0	17708.0	 7070.0	18376.0	18735.0	5.9167499999999995	5.91675
21600.3	   29.1	 6866.0	14271.0	17171.0	 6817.0	12317.0	17850.0	 6977.0	18466.0	18754.0	6.000083333333333	6.00008333333333
21900.3	   29.1	 6897.0	14330.0	17405.0	 6906.0	12589.0	17544.0	 6948.0	18284.0	18969.0	6.0834166666666665	6.08341666666667
22200.3	   29.3	 6895.0	14161.0	17269.0	 6863.0	12449.0	17865.0	 6930.0	18186.0	18713.0	6.1667499999999995	6.16675
22500.3	   29.5	 6985.0	13858.0	17505.0	 6767.0	12210.0	17268.0	 6980.0	17916.0	18801.0	6.250083333333333	6.25008333333333
22800.3	   29.2	 6956.0	13995.0	17479.0	 6749.0	12159.0	17738.0	 6847.0	18303.0	18452.0	6.3334166666666665	6.33341666666667
23100.3	   29.4	 6854.0	14500.0	17648.0	 6716.0	12059.0	17488.0	 7038.0	18260.0	18572.0	6.4167499999999995	6.41675
23400.3	   29.4	 6775.0	14363.0	17431.0	 6864.0	11920.0	17542.0	 6987.0	18113.0	18319.0	6.500083333333333	6.50008333333333
23700.3	   29.3	 6812.0	13816.0	17258.0	 6767.0	11901.0	17379.0	 6962.0	17967.0	18454.0	6.5834166666666665	6.58341666666667
24000.3	   29.3	 6807.0	14142.0	17362.0	 6836.0	12451.0	17628.0	 6864.0	17978.0	18594.0	6.6667499999999995	6.66675
24300.3	   29.1	 6894.0	13770.0	17388.0	 7101.0	12064.0	17424.0	 6975.0	18174.0	18710.0	6.750083333333333	6.75008333333333
24600.3	   29.2	 6885.0	13830.0	17580.0	 6846.0	11781.0	17840.0	 6923.0	17747.0	18984.0	6.8334166666666665	6.83341666666667
24900.3	   29.1	 6926.0	13711.0	17243.0	 6883.0	11629.0	17408.0	 6929.0	18227.0	19011.0	6.9167499999999995	6.91675
25200.3	   29.3	 6969.0	13910.0	17144.0	 6876.0	12056.0	17547.0	 7071.0	18290.0	18641.0	7.000083333333333	7.00008333333333
25500.3	   29.2	 6859.0	13760.0	17132.0	 6774.0	11721.0	17648.0	 6938.0	18289.0	18711.0	7.0834166666666665	7.08341666666667
25800.3	   29.1	 6926.0	13365.0	17017.0	 6755.0	11779.0	17707.0	 6984.0	17376.0	18516.0	7.1667499999999995	7.16675
26100.3	   29.2	 6872.0	13530.0	17184.0	 6734.0	11803.0	17386.0	 6989.0	17910.0	18368.0	7.250083333333333	7.25008333333333
26400.3	   29.3	 6932.0	13867.0	17280.0	 6789.0	11870.0	17545.0	 6858.0	18027.0	18381.0	7.3334166666666665	7.33341666666667
26700.3	   29.3	 6783.0	13817.0	16921.0	 6938.0	12210.0	17019.0	 7017.0	18210.0	18433.0	7.4167499999999995	7.41675
27000.3	   29.2	 6960.0	14009.0	16998.0	 6885.0	11772.0	17368.0	 6877.0	17949.0	18794.0	7.500083333333333	7.50008333333333
27300.3	   29.3	 6813.0	14018.0	17002.0	 6823.0	11806.0	17296.0	 6946.0	17750.0	18706.0	7.5834166666666665	7.58341666666667
27600.3	   29.2	 6812.0	13997.0	16990.0	 6837.0	11481.0	17453.0	 6858.0	17809.0	18716.0	7.6667499999999995	7.66675
27900.3	   29.3	 6889.0	14016.0	17045.0	 6662.0	11772.0	17465.0	 6928.0	17518.0	18906.0	7.750083333333333	7.75008333333333
28200.3	   29.3	 6939.0	13665.0	17198.0	 6899.0	11938.0	17314.0	 6941.0	17691.0	18738.0	7.8334166666666665	7.83341666666667
28500.3	   29.3	 6773.0	14163.0	17271.0	 6817.0	11394.0	17387.0	 6880.0	17454.0	18583.0	7.9167499999999995	7.91675
28800.3	   29.2	 6972.0	14004.0	17174.0	 6907.0	11668.0	17494.0	 6882.0	18086.0	18590.0	8.000083333333333	8.00008333333333
29100.3	   29.2	 6892.0	13816.0	17192.0	 6789.0	11736.0	17345.0	 6859.0	17867.0	18536.0	8.083416666666666	8.08341666666667
29400.3	   29.3	 7042.0	13823.0	17013.0	 6921.0	11972.0	17390.0	 6984.0	17970.0	18451.0	8.16675	8.16675
29700.3	   29.4	 6945.0	13869.0	17138.0	 6869.0	11532.0	17627.0	 6902.0	17824.0	18441.0	8.250083333333333	8.25008333333333
30000.3	   29.2	 6896.0	13831.0	17256.0	 6866.0	11435.0	17521.0	 6933.0	17970.0	18095.0	8.333416666666666	8.33341666666667
30300.3	   29.2	 6937.0	13997.0	17247.0	 6979.0	11738.0	17091.0	 6870.0	17872.0	18556.0	8.41675	8.41675
30600.3	   29.3	 6946.0	13494.0	17360.0	 6825.0	11624.0	17241.0	 6911.0	18100.0	18275.0	8.500083333333333	8.50008333333333
30900.3	   29.1	 6852.0	13732.0	16957.0	 6664.0	11767.0	17027.0	 6934.0	18052.0	18228.0	8.583416666666666	8.58341666666667
31200.3	   29.3	 6803.0	13444.0	17133.0	 6873.0	11629.0	17379.0	 6907.0	18179.0	18382.0	8.66675	8.66675
31500.3	   29.5	 6986.0	13602.0	17239.0	 6813.0	11628.0	16952.0	 6936.0	18053.0	18529.0	8.750083333333333	8.75008333333333
31800.3	   29.3	 6703.0	13426.0	17142.0	 6919.0	11671.0	17295.0	 7048.0	17991.0	17984.0	8.833416666666666	8.83341666666667
32100.3	   29.1	 6802.0	13615.0	17346.0	 6711.0	11932.0	17199.0	 6983.0	17990.0	18166.0	8.91675	8.91675
32400.3	   29.1	 6843.0	13549.0	17195.0	 6652.0	11550.0	17161.0	 7000.0	17785.0	18309.0	9.000083333333333	9.00008333333333
32700.3	   29.3	 6921.0	13590.0	17028.0	 6760.0	11984.0	17123.0	 6933.0	17924.0	18514.0	9.083416666666666	9.08341666666667
33000.3	   29.3	 6812.0	13514.0	16964.0	 6912.0	11634.0	17162.0	 6887.0	17870.0	18440.0	9.16675	9.16675
33300.3	   29.1	 6859.0	13479.0	17313.0	 6944.0	11395.0	17203.0	 6751.0	17735.0	18447.0	9.250083333333333	9.25008333333333
33600.3	   29.3	 6983.0	13744.0	16952.0	 6779.0	11839.0	16723.0	 6734.0	18029.0	18410.0	9.333416666666666	9.33341666666667
33900.3	   29.4	 6937.0	13185.0	16927.0	 6831.0	11565.0	17525.0	 6905.0	17548.0	18460.0	9.41675	9.41675
34200.3	   29.3	 6874.0	13342.0	17132.0	 6949.0	11569.0	17032.0	 6909.0	17935.0	18306.0	9.500083333333333	9.50008333333333
34500.3	   29.1	 6877.0	13277.0	17097.0	 6805.0	11381.0	17132.0	 6813.0	17730.0	18188.0	9.583416666666666	9.58341666666667
34800.3	   29.3	 6763.0	13264.0	16945.0	 6852.0	11343.0	16835.0	 6914.0	17674.0	18227.0	9.66675	9.66675
35100.3	   29.2	 6809.0	13691.0	16917.0	 6809.0	11381.0	16986.0	 6807.0	17886.0	18606.0	9.750083333333333	9.75008333333333
35400.3	   29.3	 6819.0	13554.0	16917.0	 6713.0	11783.0	16892.0	 6895.0	18191.0	18583.0	9.833416666666666	9.83341666666667
35700.3	   29.1	 7004.0	13254.0	16748.0	 6693.0	11382.0	16885.0	 6990.0	17614.0	18300.0	9.91675	9.91675
36000.3	   29.4	 6692.0	13164.0	16936.0	 6780.0	11543.0	17030.0	 6961.0	17730.0	18376.0	10.000083333333333	10.0000833333333
36300.3	   29.3	 6717.0	13695.0	17148.0	 6853.0	11168.0	17190.0	 6927.0	17764.0	18188.0	10.083416666666666	10.0834166666667
36600.3	   29.4	 6700.0	13511.0	16865.0	 6713.0	11457.0	16872.0	 6731.0	17794.0	18146.0	10.16675	10.16675
36900.3	   29.1	 6987.0	13577.0	17163.0	 6927.0	11371.0	16883.0	 6923.0	18004.0	18496.0	10.250083333333333	10.2500833333333
37200.3	   29.0	 6861.0	13240.0	16709.0	 6907.0	11459.0	16616.0	 6841.0	17451.0	18114.0	10.333416666666666	10.3334166666667
37500.3	   29.2	 6677.0	13108.0	16974.0	 6745.0	11572.0	16532.0	 6918.0	17495.0	18127.0	10.41675	10.41675
37800.3	   29.1	 6773.0	13131.0	16840.0	 6646.0	10992.0	16587.0	 6977.0	17745.0	17990.0	10.500083333333333	10.5000833333333
38100.3	   29.3	 6745.0	13029.0	16887.0	 6825.0	11008.0	16464.0	 6812.0	17669.0	18273.0	10.583416666666666	10.5834166666667
38400.3	   29.3	 6760.0	12849.0	17090.0	 6764.0	11420.0	17012.0	 6948.0	17562.0	17654.0	10.66675	10.66675
38700.3	   29.4	 6840.0	12789.0	16743.0	 6655.0	11477.0	17241.0	 6980.0	17424.0	17936.0	10.750083333333333	10.7500833333333
39000.3	   29.3	 6872.0	13140.0	16917.0	 6786.0	11739.0	16927.0	 6850.0	17522.0	18253.0	10.833416666666666	10.8334166666667
39300.3	   29.1	 6935.0	13332.0	17108.0	 6749.0	11017.0	17091.0	 6815.0	17099.0	18220.0	10.91675	10.91675
39600.3	   29.0	 6622.0	13174.0	16961.0	 6880.0	11249.0	16706.0	 6870.0	17116.0	18121.0	11.000083333333333	11.0000833333333
39900.3	   29.1	 6773.0	13350.0	16972.0	 6762.0	11405.0	16855.0	 6856.0	17694.0	18258.0	11.083416666666666	11.0834166666667
40200.3	   29.1	 6888.0	13577.0	17124.0	 6760.0	10977.0	17009.0	 6851.0	17438.0	18609.0	11.16675	11.16675
40500.3	   29.3	 6843.0	13409.0	16905.0	 6858.0	11467.0	17060.0	 6916.0	17750.0	18203.0	11.250083333333333	11.2500833333333
40800.4	   29.3	 6691.0	13297.0	17025.0	 6746.0	11438.0	17169.0	 6979.0	17771.0	18181.0	11.333444444444444	11.3334444444444
41100.4	   29.2	 6942.0	13216.0	16916.0	 6633.0	11470.0	16821.0	 6761.0	17388.0	18012.0	11.416777777777778	11.4167777777778
41400.4	   29.3	 6795.0	13104.0	16941.0	 6883.0	11116.0	16972.0	 6710.0	17275.0	17803.0	11.500111111111112	11.5001111111111
41700.4	   29.2	 6811.0	13298.0	16668.0	 6887.0	11226.0	16841.0	 6872.0	17095.0	18138.0	11.583444444444444	11.5834444444444
42000.4	   29.3	 6954.0	13337.0	16675.0	 6786.0	11051.0	16551.0	 6867.0	16890.0	18040.0	11.666777777777778	11.6667777777778
42300.4	   29.3	 6856.0	13218.0	16799.0	 6774.0	11474.0	16785.0	 6962.0	17202.0	18472.0	11.750111111111112	11.7501111111111
42600.4	   29.1	 6705.0	13490.0	16904.0	 6786.0	11170.0	16767.0	 6852.0	17172.0	17941.0	11.833444444444444	11.8334444444444
42900.4	   29.1	 6735.0	13111.0	16892.0	 6721.0	11601.0	16624.0	 6831.0	17200.0	18349.0	11.916777777777778	11.9167777777778
43200.4	   29.3	 6898.0	13234.0	16555.0	 6801.0	11370.0	16594.0	 6907.0	17191.0	18517.0	12.000111111111112	12.0001111111111
43500.4	   29.4	 6806.0	13295.0	16801.0	 6724.0	10878.0	16598.0	 6982.0	17268.0	18648.0	12.083444444444444	12.0834444444444
43800.4	   29.3	 6736.0	13381.0	16883.0	 6883.0	10860.0	16292.0	 6827.0	17810.0	18387.0	12.166777777777778	12.1667777777778
44100.4	   29.2	 6872.0	13690.0	16555.0	 6714.0	11029.0	16535.0	 6839.0	17058.0	18244.0	12.250111111111112	12.2501111111111
44400.4	   29.2	 6828.0	13093.0	16668.0	 6726.0	11184.0	16443.0	 6946.0	17065.0	18383.0	12.333444444444444	12.3334444444444
44700.4	   29.1	 6740.0	13089.0	16812.0	 6735.0	11061.0	16572.0	 6807.0	17125.0	17866.0	12.416777777777778	12.4167777777778
45000.4	   29.3	 6821.0	13027.0	16741.0	 6906.0	11236.0	16014.0	 6930.0	17528.0	18270.0	12.500111111111112	12.5001111111111
45300.4	   29.3	 6841.0	13169.0	16999.0	 6792.0	10655.0	16734.0	 6898.0	17006.0	18353.0	12.583444444444444	12.5834444444444
45600.4	   29.5	 6851.0	13461.0	16943.0	 6737.0	11186.0	16433.0	 6836.0	17142.0	18441.0	12.666777777777778	12.6667777777778
45900.4	   29.4	 6805.0	13264.0	16692.0	 6877.0	11307.0	16370.0	 6835.0	16900.0	17845.0	12.750111111111112	12.7501111111111
46200.4	   29.2	 6714.0	13033.0	17004.0	 6624.0	11193.0	16286.0	 6860.0	17127.0	18470.0	12.833444444444444	12.8334444444444
46500.4	   29.1	 6654.0	13182.0	16720.0	 6562.0	11303.0	16397.0	 6858.0	16537.0	18283.0	12.916777777777778	12.9167777777778
46800.5	   29.3	 6815.0	13400.0	16696.0	 6788.0	11052.0	16086.0	 6825.0	16732.0	18255.0	13.00013888888889	13.0001388888889
47100.5	   29.2	 6749.0	13581.0	16715.0	 6765.0	11361.0	16224.0	 6955.0	16777.0	18304.0	13.083472222222222	13.0834722222222
47400.5	   29.4	 6692.0	12891.0	16851.0	 6560.0	10917.0	15890.0	 6767.0	17128.0	17991.0	13.166805555555555	13.1668055555556
47700.5	   29.1	 6830.0	13349.0	16473.0	 6710.0	11169.0	15955.0	 6880.0	17733.0	18144.0	13.25013888888889	13.2501388888889
48000.5	   29.3	 6780.0	13184.0	16581.0	 6765.0	10939.0	16318.0	 6785.0	17284.0	17930.0	13.333472222222222	13.3334722222222
48300.5	   29.2	 6730.0	13205.0	16786.0	 6677.0	11031.0	16310.0	 7003.0	16937.0	18509.0	13.416805555555555	13.4168055555556
48600.5	   29.3	 6790.0	13156.0	16405.0	 6566.0	10860.0	16335.0	 6845.0	17277.0	18258.0	13.50013888888889	13.5001388888889
48900.5	   29.2	 6784.0	13128.0	16325.0	 6855.0	11200.0	16581.0	 6844.0	17257.0	18380.0	13.583472222222222	13.5834722222222
49200.5	   29.3	 6917.0	13163.0	16573.0	 6780.0	11132.0	16024.0	 6906.0	17379.0	18035.0	13.666805555555555	13.6668055555556
49500.5	   29.3	 6703.0	13002.0	16557.0	 6650.0	11056.0	15879.0	 6803.0	17238.0	18316.0	13.75013888888889	13.7501388888889
49800.5	   29.2	 6853.0	12817.0	16565.0	 6729.0	11562.0	16072.0	 6856.0	17260.0	18207.0	13.833472222222222	13.8334722222222
50100.5	   29.4	 6722.0	12914.0	16372.0	 6846.0	11087.0	16286.0	 6784.0	17377.0	17976.0	13.916805555555555	13.9168055555556
50400.5	   29.2	 6881.0	12814.0	16663.0	 6584.0	11361.0	16438.0	 6957.0	17020.0	18199.0	14.00013888888889	14.0001388888889
50700.5	   29.3	 6597.0	13057.0	16533.0	 6718.0	11006.0	16193.0	 6876.0	17298.0	18358.0	14.083472222222222	14.0834722222222
51000.5	   29.2	 6812.0	13085.0	16555.0	 6774.0	11160.0	16059.0	 6959.0	17116.0	18252.0	14.166805555555555	14.1668055555556
51300.5	   29.5	 6825.0	13045.0	16532.0	 6886.0	10824.0	16038.0	 6902.0	17047.0	18127.0	14.25013888888889	14.2501388888889
51600.5	   29.3	 6672.0	12790.0	16664.0	 6697.0	10730.0	16388.0	 6808.0	16829.0	18008.0	14.333472222222222	14.3334722222222
51900.5	   29.0	 6889.0	12877.0	16626.0	 6659.0	10616.0	16065.0	 6841.0	17307.0	18337.0	14.416805555555555	14.4168055555556
52200.5	   29.3	 6712.0	12807.0	16266.0	 6725.0	10944.0	15994.0	 6864.0	17334.0	17988.0	14.50013888888889	14.5001388888889
52500.5	   29.3	 6725.0	12714.0	16682.0	 6728.0	10894.0	15906.0	 6880.0	17207.0	18060.0	14.583472222222222	14.5834722222222
52800.5	   29.5	 6697.0	13001.0	16383.0	 6720.0	11094.0	15890.0	 6876.0	17638.0	18127.0	14.666805555555555	14.6668055555556
53100.5	   29.1	 6696.0	13037.0	16266.0	 6580.0	10690.0	15792.0	 6899.0	17247.0	17938.0	14.75013888888889	14.7501388888889
53400.5	   29.1	 6758.0	13105.0	16354.0	 6665.0	10819.0	15823.0	 6925.0	17095.0	18221.0	14.833472222222222	14.8334722222222
53700.5	   29.5	 6690.0	13214.0	16299.0	 6649.0	10719.0	15996.0	 6791.0	17362.0	17879.0	14.916805555555555	14.9168055555556
54000.5	   29.3	 6765.0	12868.0	16149.0	 6693.0	10914.0	15911.0	 6885.0	17453.0	17766.0	15.00013888888889	15.0001388888889
54300.5	   29.2	 6730.0	13174.0	16490.0	 6731.0	10688.0	15719.0	 7008.0	17203.0	17984.0	15.083472222222222	15.0834722222222
54600.5	   29.3	 6849.0	12897.0	16486.0	 6644.0	10597.0	15768.0	 6704.0	16740.0	17942.0	15.166805555555555	15.1668055555556
54900.5	   29.5	 6749.0	13064.0	16494.0	 6752.0	10758.0	16037.0	 6882.0	17441.0	17883.0	15.25013888888889	15.2501388888889
55200.5	   29.3	 6819.0	13220.0	16379.0	 6795.0	10715.0	16011.0	 6626.0	17451.0	17966.0	15.333472222222222	15.3334722222222
55500.5	   29.2	 6748.0	12947.0	16184.0	 6684.0	10763.0	16116.0	 6880.0	17575.0	17798.0	15.416805555555555	15.4168055555556
55800.5	   29.3	 6914.0	12718.0	16345.0	 6745.0	11340.0	15698.0	 6725.0	16615.0	17559.0	15.50013888888889	15.5001388888889
56100.5	   29.1	 6711.0	12707.0	16537.0	 6679.0	10851.0	15969.0	 6650.0	17113.0	18096.0	15.583472222222222	15.5834722222222
56400.5	   29.3	 6547.0	12757.0	16301.0	 6737.0	10970.0	16100.0	 6889.0	17171.0	17700.0	15.666805555555555	15.6668055555556
56700.5	   29.0	 6771.0	12880.0	16188.0	 6643.0	11221.0	15764.0	 6733.0	16648.0	18018.0	15.75013888888889	15.7501388888889
57000.5	   29.2	 6723.0	12900.0	16398.0	 6650.0	10782.0	15951.0	 6833.0	17126.0	18107.0	15.833472222222222	15.8334722222222
57300.5	   29.1	 6751.0	12972.0	16111.0	 6712.0	10891.0	15953.0	 6842.0	16860.0	17731.0	15.916805555555555	15.9168055555556
57600.5	   29.3	 6796.0	12787.0	16227.0	 6776.0	11150.0	15616.0	 6828.0	17243.0	17943.0	16.000138888888888	16.0001388888889
57900.5	   29.2	 6740.0	13121.0	16163.0	 6672.0	10937.0	15779.0	 6749.0	16676.0	17241.0	16.083472222222223	16.0834722222222
58200.5	   29.3	 6663.0	13250.0	16240.0	 6620.0	10993.0	15819.0	 6785.0	16587.0	16803.0	16.166805555555555	16.1668055555556
58500.5	   29.4	 6749.0	12709.0	16189.0	 6734.0	10933.0	16090.0	 6891.0	16620.0	17565.0	16.250138888888888	16.2501388888889
58800.5	   29.4	 6841.0	13075.0	16078.0	 6679.0	10883.0	15987.0	 6826.0	16536.0	17481.0	16.333472222222223	16.3334722222222
59100.5	   29.2	 6733.0	12756.0	16094.0	 6592.0	10556.0	15672.0	 6771.0	16227.0	17493.0	16.416805555555555	16.4168055555556
59400.5	   29.5	 6805.0	12620.0	16333.0	 6678.0	10897.0	16189.0	 6827.0	16618.0	17660.0	16.500138888888888	16.5001388888889
59700.5	   29.3	 6756.0	12935.0	16141.0	 6792.0	10665.0	15630.0	 6737.0	16854.0	17376.0	16.583472222222223	16.5834722222222
60000.5	   29.2	 6827.0	12674.0	16189.0	 6557.0	10917.0	15754.0	 6882.0	16919.0	17482.0	16.666805555555555	16.6668055555556
60300.5	   29.3	 6779.0	12979.0	16143.0	 6691.0	10964.0	15693.0	 6842.0	17046.0	17638.0	16.750138888888888	16.7501388888889
60600.5	   29.4	 6788.0	12611.0	16404.0	 6699.0	11174.0	15447.0	 6821.0	16585.0	17379.0	16.833472222222223	16.8334722222222
60900.5	   29.3	 6714.0	12629.0	16196.0	 6701.0	10948.0	15501.0	 6759.0	16393.0	17467.0	16.916805555555555	16.9168055555556
61200.5	   29.3	 6686.0	12538.0	16355.0	 6616.0	11033.0	15885.0	 6669.0	16647.0	17294.0	17.000138888888888	17.0001388888889
61500.5	   29.1	 6897.0	12981.0	16340.0	 6632.0	11101.0	15217.0	 6775.0	17260.0	17084.0	17.083472222222223	17.0834722222222
61800.5	   29.3	 6666.0	12951.0	16218.0	 6699.0	10872.0	15881.0	 6784.0	16297.0	17189.0	17.16680555555556	17.1668055555556
62100.6	   29.2	 6703.0	12687.0	16152.0	 6749.0	10732.0	15652.0	 6827.0	16727.0	17025.0	17.250166666666665	17.2501666666667
62400.6	   29.2	 6676.0	12827.0	16113.0	 6647.0	10763.0	15573.0	 6734.0	16812.0	17046.0	17.3335	17.3335
62700.5	   29.1	 6748.0	12784.0	16196.0	 6603.0	11017.0	15604.0	 6790.0	16824.0	17251.0	17.41680555555556	17.4168055555556
63000.5	   29.3	 6774.0	12943.0	16291.0	 6755.0	11190.0	15716.0	 6711.0	16417.0	17384.0	17.50013888888889	17.5001388888889
63300.5	   29.1	 6860.0	12865.0	16180.0	 6577.0	10699.0	15631.0	 6802.0	16600.0	17331.0	17.583472222222223	17.5834722222222
63600.5	   29.1	 6685.0	12947.0	16346.0	 6685.0	10885.0	15654.0	 6809.0	17013.0	17228.0	17.66680555555556	17.6668055555556
63900.5	   29.2	 6851.0	12841.0	15996.0	 6826.0	10747.0	15666.0	 6859.0	16954.0	17104.0	17.75013888888889	17.7501388888889
64200.5	   29.3	 6761.0	13265.0	16205.0	 6621.0	10378.0	15420.0	 6735.0	16678.0	17189.0	17.833472222222223	17.8334722222222
64500.6	   29.2	 6699.0	13098.0	15837.0	 6745.0	10473.0	15110.0	 6838.0	16741.0	17213.0	17.916833333333333	17.9168333333333
64800.5	   29.1	 6608.0	13091.0	16145.0	 6643.0	11082.0	15411.0	 6766.0	17108.0	17281.0	18.00013888888889	18.0001388888889
65100.6	   29.4	 6817.0	13383.0	16277.0	 6676.0	10905.0	15330.0	 6780.0	17167.0	17185.0	18.0835	18.0835
65400.6	   29.1	 6709.0	13260.0	15656.0	 6583.0	10936.0	15352.0	 6792.0	17515.0	16829.0	18.166833333333333	18.1668333333333
65700.6	   29.2	 6599.0	13151.0	15810.0	 6730.0	10946.0	15422.0	 6763.0	17062.0	17234.0	18.250166666666665	18.2501666666667
66000.6	   29.2	 6668.0	13092.0	15888.0	 6788.0	11018.0	15310.0	 6876.0	17531.0	17158.0	18.3335	18.3335
66300.6	   29.0	 6814.0	13088.0	15997.0	 6788.0	10906.0	15572.0	 6713.0	17130.0	17255.0	18.416833333333333	18.4168333333333
66600.6	   29.1	 6592.0	13058.0	16105.0	 6660.0	10852.0	15608.0	 6613.0	17310.0	17273.0	18.500166666666665	18.5001666666667
66900.6	   29.3	 6560.0	13374.0	16060.0	 6660.0	11092.0	15538.0	 6489.0	17123.0	17199.0	18.5835	18.5835
67200.6	   29.1	 6658.0	12986.0	15863.0	 6646.0	10851.0	15691.0	 6728.0	17446.0	17309.0	18.666833333333333	18.6668333333333
67500.6	29.3	6742	13169	15817	6446	10860	15102	6786	17451	17072	18.750166666666665	18.7501666666667
