Time [s]	Temp. [ C]	B1	B2	B3	B4	B5	B6	B7	B8	B9	B10	B11	C1	C2	C3	C4	C5	C6	C7	C8	C9	C10	C11	D1	D2	D3	D4	D5	D6	D7	D8	D9	D10	D11	E1	E7	E8	E9	E10	E11	F1	F7	F8	F9	F10	F11	G1	G7	G8	G9	G10	G11	Time_hs	Time
    0.0	   29.3	 9481.0	11674.0	10794.0	10287.0	 9576.0	 9402.0	 9703.0	 9042.0	 8929.0	 9790.0	 9291.0	 9253.0	11940.0	10721.0	10039.0	10174.0	 9622.0	 9863.0	 9422.0	 9011.0	 9086.0	 9053.0	 9521.0	12414.0	10365.0	10207.0	 9719.0	 9309.0	 9521.0	 9346.0	 9670.0	 8690.0	 9064.0	 9122.0	23242.0	11835.0	10602.0	12595.0	 9236.0	 9317.0	25585.0	 9905.0	40430.0	16332.0	 9106.0	 8873.0	46803.0	21095.0	10565.0	19385.0	 8807.0	0	0
  300.0	   29.1	 8361.0	10477.0	 9681.0	 9327.0	 8804.0	 8498.0	10006.0	 8308.0	 8143.0	 9015.0	 8098.0	 8408.0	11173.0	10044.0	 9338.0	 9325.0	 8912.0	 9544.0	 9312.0	 8262.0	 8339.0	 8302.0	 8418.0	12037.0	 9595.0	 9266.0	 8899.0	 8548.0	 8727.0	 8425.0	 9629.0	 8285.0	 8087.0	 8301.0	35704.0	16302.0	11278.0	17114.0	 8438.0	 8311.0	35686.0	10517.0	49456.0	19319.0	 9042.0	 7988.0	60707.0	30722.0	12056.0	21273.0	 8192.0	0.08333333333333333	0.0833333333333333
600	29	7901	10039	9226	9044	8452	7941	9417	8409	7616	8883	7514	7925	10934	9463	8988	8671	8167	9082	9253	7739	7953	7739	8085	11898	9155	9109	8529	8301	8974	7969	9871	7820	7723	7927	53383	28258	13315	21913	7979	8046	46596	14105	57088	23016	10337	7746	70000	41793	15606	23758	8598	0.16666666666666666	0.166666666666667
900	29.1	7502	9944	9025	9336	8153	7892	9031	8018	7510	8501	7476	7852	10494	9120	8637	8198	8003	8792	9138	7705	7621	7558	7838	11584	8848	8641	8117	7969	8910	7760	10214	7456	7554	7808	70000	37111	15807	25042	7882	7836	55980	21123	63904	27783	9585	7605	70000	50677	20049	25324	10157	0.25	0.25
1200	29.2	7591	10189	9069	9362	7942	7636	8851	7673	7427	8391	7381	7713	10554	8905	8361	8120	7796	8898	8839	7593	7369	7545	7849	11733	8769	8388	8027	7688	8719	7619	10037	7284	7221	7537	70000	45208	17284	26899	7601	7701	64578	31545	70000	32492	9088	7267	70000	59227	24152	26747	11246	0.3333333333333333	0.333333333333333
1500	29.2	7464	10175	9345	9266	7768	7605	8931	7488	7309	8247	7468	7419	10375	8642	8244	7933	7661	8575	8643	7406	7359	7505	7850	12062	8694	8090	7980	7518	8428	7675	10188	7150	7332	7482	70000	50866	18453	29947	7552	7596	70000	42922	70000	36058	9092	7399	70000	63154	27624	28026	12181	0.4166666666666667	0.416666666666667
1800	29.3	7359	10215	9935	9277	7907	7488	8716	7616	7151	8367	7227	7436	10433	8744	8012	8024	7493	8734	8704	7343	7325	7500	7702	12317	8512	8186	7785	7578	8659	7395	10116	7130	7331	7377	70000	55385	20562	35782	7740	7390	70000	53947	70000	40162	9009	7267	70000	64691	29192	28566	12531	0.5	0.5
2100	29.4	7444	10596	11155	9174	7919	7330	8852	7591	7342	8122	7161	7578	10705	8951	8257	7953	7523	8540	8593	7110	7229	7378	7490	12481	8631	8221	7824	7441	8463	7682	10024	7175	7450	7458	70000	59996	22059	40116	7632	7413	70000	62422	70000	45160	9148	7405	70000	70000	31573	28785	13164	0.5833333333333334	0.583333333333333
2400	29.1	7353	10836	12105	9360	7728	7250	8640	7482	7357	7905	7284	7557	10930	8762	8270	7842	7419	8613	8568	7450	7258	7337	7500	12312	8388	8200	7681	7400	8555	7325	9743	7070	7241	7359	70000	62459	23373	43447	7605	7573	70000	70000	70000	49228	9061	7460	70000	70000	34517	29426	13513	0.6666666666666666	0.666666666666667
2700	29.4	7338	10823	12964	9269	7807	7307	8382	7395	7048	8027	7321	7545	10971	8820	8327	7915	7425	8449	8552	7133	7165	7415	7588	12782	8475	8116	7682	7497	8713	7524	10115	7119	7279	7285	70000	70000	25230	46440	7599	7492	70000	70000	70000	55054	9274	7220	70000	70000	36949	30129	13573	0.75	0.75
3000	29.3	7259	10916	13354	9259	7593	7264	8566	7359	7224	8039	7236	7321	11051	8921	8137	7622	7330	8805	8429	7186	7017	7381	7550	12763	8646	8132	7731	7533	8563	7468	9956	6949	7149	7302	70000	70000	26445	47754	7563	7590	70000	70000	70000	58312	9736	7479	70000	70000	38020	30322	13928	0.8333333333333334	0.833333333333333
3300	29.3	7287	10808	13693	9621	7581	7315	8506	7493	7012	8130	7215	7524	11037	8799	8271	7655	7346	8587	8575	7218	6965	7280	7585	12543	8596	8291	7807	7373	8376	7320	9825	7265	7290	7317	70000	70000	26907	49062	7576	7525	70000	70000	70000	61414	9772	7382	70000	70000	39266	30645	14056	0.9166666666666666	0.916666666666667
3600.1	29.2	7293	11051	14223	9504	7760	7276	8586	7514	7040	7939	7436	7403	11161	9066	8414	7378	7330	8400	8528	7162	7168	7208	7498	12648	8664	8391	7628	7474	8617	7255	10027	7257	7156	7344	70000	70000	27506	49446	7601	7381	70000	70000	70000	63459	10021	7396	70000	70000	40158	31196	14376	1.0000277777777777	1.00002777777778
3900.1	29.2	7341	10881	14342	9484	7553	7115	8555	7420	7023	7964	7192	7504	11394	8848	8273	7625	7494	8412	8622	7286	7227	7178	7306	12769	8443	8390	7781	7411	8371	7196	10132	7093	7012	7477	70000	70000	27393	48837	7577	7490	70000	70000	70000	70000	10564	7227	70000	70000	40200	30912	14394	1.083361111111111	1.08336111111111
4200.1	29.3	7141	10835	14444	9330	7710	7317	8409	7437	7067	7985	7240	7470	11350	9098	8291	7729	7486	8460	8544	7009	7099	7176	7516	12809	8696	8258	7690	7541	8263	7325	10039	7064	7196	7431	70000	70000	28322	48899	7675	7429	70000	70000	70000	70000	11356	7229	70000	70000	40767	31403	14163	1.1666944444444447	1.16669444444444
4500	29.1	7142	11227	14417	9075	7502	7260	8412	7602	7078	7929	7205	7257	11465	9295	8260	7574	7266	8402	8735	7265	7085	7293	7371	13107	8608	8317	7675	7204	8410	7233	9913	7070	7085	7262	70000	70000	29161	49546	7602	7511	70000	70000	70000	70000	12195	7199	70000	70000	41765	31557	14336	1.25	1.25
4800.1	29.4	7411	11041	14688	9373	7461	7227	8410	7372	7165	8091	7108	7543	11258	9082	8105	7565	7378	8668	8590	7123	7181	7128	7578	13128	8578	8614	7477	7340	8264	7199	10030	7169	7256	7361	70000	70000	29345	49226	7695	7544	70000	70000	70000	70000	12612	7486	70000	70000	42350	31830	14305	1.3333611111111112	1.33336111111111
5100.1	29.5	7345	11338	14894	9283	7641	7132	8386	7517	7072	8134	7154	7467	11298	9218	8454	7607	7312	8719	8609	7210	7137	7252	7293	13216	8882	8192	7771	7461	8405	6970	9991	6988	7245	7352	70000	70000	30904	48459	7714	7395	70000	70000	70000	70000	13293	7295	70000	70000	42341	31912	14541	1.4166944444444447	1.41669444444444
5400.1	29.2	7417	11553	14672	9350	7634	7075	8487	7233	7102	7874	7279	7459	11656	9205	8428	7674	7364	8788	8546	7066	7140	7193	7587	13136	8865	8429	7718	7256	8364	7394	9826	7202	7092	7304	70000	70000	31881	50292	7703	7541	70000	70000	70000	70000	14218	7346	70000	70000	41825	31810	14615	1.500027777777778	1.50002777777778
5700.1	29.2	7261	11412	15009	9473	7620	7124	8506	7368	7124	7922	7265	7393	11798	9150	8166	7697	7397	8596	8455	7147	7161	7211	7580	12955	8747	8274	7699	7274	8464	7238	10003	7117	7115	7351	70000	70000	32184	49681	7559	7671	70000	70000	70000	70000	14350	7269	70000	70000	42533	31596	14537	1.5833611111111112	1.58336111111111
6000.1	29.4	7124	11647	14880	9520	7608	7273	8547	7460	7013	8076	7235	7451	11819	9197	8387	7420	7209	8615	8549	7092	7298	7176	7510	13058	8788	8320	7569	7315	8369	7310	9945	7285	7077	7334	70000	70000	33392	50823	7803	7377	70000	70000	70000	70000	14928	7300	70000	70000	43459	32038	14578	1.6666944444444447	1.66669444444444
6300	29.2	7242	11935	15044	9359	7610	7253	8470	7544	7049	7888	7064	7516	11826	9220	8510	7659	7320	8485	8420	7131	7152	7176	7483	13427	8752	8352	7625	7374	8383	7336	10043	7045	7085	7435	70000	70000	33734	49752	7639	7442	70000	70000	70000	70000	14587	7098	70000	70000	43355	32462	14714	1.75	1.75
6600.1	29.2	7331	11720	14779	9370	7789	7112	8287	7345	7111	7787	7233	7337	12080	9294	8487	7512	7115	8643	8594	7126	7179	7070	7381	13520	8851	8334	7701	7198	8409	7321	9958	7086	7202	7287	70000	70000	33729	50436	7752	7513	70000	70000	70000	70000	14693	7237	70000	70000	44333	31912	14430	1.8333611111111112	1.83336111111111
6900.1	29.2	7300	11916	14851	9283	7387	7199	8371	7364	6899	8085	7165	7437	11833	9376	8234	7556	7314	8718	8560	6912	7078	7301	7482	13575	8790	8345	7510	7304	8287	7217	9747	6904	7130	7496	70000	70000	33857	49171	7577	7486	70000	70000	70000	70000	15116	7429	70000	70000	45085	32466	14667	1.9166944444444447	1.91669444444444
7200.1	29.1	7249	11955	15003	9436	7683	7085	8293	7245	6952	7853	7277	7463	12309	9455	8599	7500	7319	8713	8700	7300	7249	7100	7745	13712	8817	8455	7662	7528	8380	7095	9839	7104	7360	7394	70000	70000	34281	48916	7709	7522	70000	70000	70000	70000	15082	7238	70000	70000	45856	32811	14490	2.000027777777778	2.00002777777778
7500.1	29.1	7413	11962	15089	9272	7561	7370	8437	7217	6987	7945	7212	7500	12274	9400	8592	7801	7262	8494	8702	7114	7120	7348	7489	13859	8882	8395	7761	7330	8529	7218	9880	7151	7210	7366	70000	70000	35197	49415	7883	7499	70000	70000	70000	70000	15044	7306	70000	70000	47474	32366	14327	2.0833611111111114	2.08336111111111
7800.1	29.2	7362	11833	15356	9482	7563	7152	8382	7367	7073	7914	7110	7589	12260	9530	8368	7555	7205	8649	8661	7107	7216	7160	7582	13642	8953	8342	7615	7384	8294	7089	9934	7100	7131	7423	70000	70000	35900	49694	7807	7350	70000	70000	70000	70000	14654	7215	70000	70000	49086	32986	14612	2.1666944444444445	2.16669444444444
8100.1	29.1	7098	12155	15356	9282	7569	7126	8481	7334	6973	7863	7142	7265	12227	9403	8379	7470	7267	8595	8602	7065	7118	7232	7522	13599	8992	8313	7733	7296	8403	7305	10201	7125	7165	7458	70000	70000	35933	49657	7750	7459	70000	70000	70000	70000	15037	7133	70000	70000	50150	32520	14623	2.250027777777778	2.25002777777778
8400.1	29.3	7225	12325	14919	9106	7556	7334	8304	7369	7045	7654	7279	7574	12324	9640	8465	7602	7229	8598	8527	7199	7063	7269	7586	13754	8790	8428	7598	7410	8522	7103	9897	6956	7218	7523	70000	70000	36859	50607	7587	7568	70000	70000	70000	70000	14986	7314	70000	70000	50501	32902	14342	2.333361111111111	2.33336111111111
8700.1	29.3	7236	11979	15087	9300	7464	7219	8232	7357	6989	7969	7172	7368	12353	9585	8431	7766	7214	8278	8537	7015	6935	7054	7505	13787	8932	8326	7540	7491	8423	7084	9941	6891	7227	7377	70000	70000	37027	50786	7714	7485	70000	70000	70000	70000	15076	7142	70000	70000	51426	33014	14318	2.4166944444444445	2.41669444444444
9000.1	29.3	7267	12133	14886	9257	7583	7343	8514	7209	7021	7977	7166	7411	12176	9477	8568	7495	7108	8501	8484	7122	7089	7411	7509	14161	8905	8351	7705	7553	8559	7147	9775	6876	7218	7532	70000	70000	37162	52720	7708	7352	70000	70000	70000	70000	14669	7221	70000	70000	51866	33200	14024	2.500027777777778	2.50002777777778
9300.1	29.4	7114	12272	14818	9287	7565	7193	8325	7412	7079	7787	7281	7446	12353	9626	8319	7562	7397	8634	8634	7137	6931	7274	7487	13875	8920	8345	7734	7406	8192	7293	9864	6999	7167	7380	70000	70000	38427	52963	7492	7423	70000	70000	70000	70000	14954	7390	70000	70000	52208	33030	14452	2.583361111111111	2.58336111111111
9600.1	29.3	7355	12185	14611	9281	7576	7189	8428	7348	6921	7865	7093	7384	12407	9609	8417	7614	7321	8431	8635	7225	7057	7085	7568	14065	8909	8215	7707	7292	8316	7071	9909	7150	7124	7293	70000	70000	38480	52919	7698	7510	70000	70000	70000	70000	15034	7079	70000	70000	52187	33098	14305	2.6666944444444445	2.66669444444444
9900.1	29.3	7259	12303	14738	9280	7692	7353	8490	7274	6955	7990	7211	7355	12255	9537	8448	7531	7224	8453	8488	7117	7094	7389	7490	14035	8925	8416	7608	7384	8384	7158	9764	6987	7076	7239	70000	70000	38348	52789	7604	7467	70000	70000	70000	70000	14678	7164	70000	70000	53696	33128	14099	2.750027777777778	2.75002777777778
10200.1	29.3	7251	12086	14870	9290	7546	7317	8319	7434	6957	7902	7036	7518	12514	9649	8455	7646	7306	8365	8607	6943	6858	7164	7426	14205	8798	8210	7598	7412	8204	7150	10024	7058	7196	7398	70000	70000	39625	51955	7596	7614	70000	70000	70000	70000	15082	7301	70000	70000	54827	33418	13884	2.833361111111111	2.83336111111111
10500.1	29.3	7301	12445	14802	9492	7593	7264	8328	7305	6952	7971	7145	7340	12537	9424	8544	7644	7191	8276	8503	7100	6973	7263	7462	14128	8928	8378	7685	7274	8379	7301	9936	7061	7076	7454	70000	70000	40373	52115	7695	7544	70000	70000	70000	70000	14802	7399	70000	70000	53841	34209	13820	2.9166944444444445	2.91669444444444
10800.1	29.3	7341	12458	14817	9287	7567	7150	8269	7261	6982	7825	7067	7528	12436	9499	8450	7543	7227	8489	8554	7193	7061	7076	7349	14349	8904	8212	7776	7338	8276	7099	9789	7037	6981	7304	70000	70000	41007	51957	7630	7574	70000	70000	70000	70000	14825	7219	70000	70000	54239	34186	14152	3.000027777777778	3.00002777777778
11100.1	29.4	7163	12467	14511	9036	7635	7081	8207	7268	6949	7983	6932	7421	12282	9339	8467	7485	7288	8487	8421	6938	6912	7261	7347	14085	8865	8243	7715	7439	8307	7075	9901	6880	6788	7130	70000	70000	41119	51763	7480	7501	70000	70000	70000	70000	14806	7233	70000	70000	54350	34073	13765	3.083361111111111	3.08336111111111
11400.1	29.2	7254	12276	14481	9337	7662	7111	8200	7263	7050	7946	7104	7318	12314	9305	8312	7438	7272	8277	8347	7125	7072	7248	7535	14321	8883	8247	7643	7195	8185	7314	9888	7085	7138	7123	70000	70000	42348	51030	7626	7293	70000	70000	70000	70000	14792	7130	70000	70000	54818	34288	13931	3.1666944444444445	3.16669444444444
11700.1	29.2	7279	12349	14449	9145	7457	7273	8308	7197	6922	7720	7100	7529	11913	9219	8404	7401	7044	8342	8416	6981	7120	7138	7347	14176	8792	8344	7523	7261	8150	7146	9854	6909	6975	7411	70000	70000	42017	51067	7578	7559	70000	70000	70000	70000	14592	7194	70000	70000	56007	35267	13799	3.250027777777778	3.25002777777778
12000.1	29.5	7216	12505	14263	9309	7523	7205	8190	7296	6902	7872	7029	7539	12228	9228	8353	7487	7202	8360	8579	6996	7042	7068	7373	14111	8847	8364	7555	7444	8140	7071	9766	7019	7067	7230	70000	70000	42804	51345	7506	7422	70000	70000	70000	70000	14410	7355	70000	70000	54803	35198	13645	3.333361111111111	3.33336111111111
12300.1	29.3	7242	12443	14413	9223	7597	7311	8330	7330	7029	7787	7086	7298	12222	9194	8417	7496	7186	8344	8575	6900	6849	7062	7325	14136	8898	8442	7556	7366	8227	7079	9653	6874	7064	7262	70000	70000	43130	51943	7633	7532	70000	70000	70000	70000	14130	7277	70000	70000	52258	35540	13768	3.4166944444444445	3.41669444444444
12600.1	29.1	7211	12504	14362	9241	7453	7070	8301	7254	6797	7831	7136	7464	12424	9291	8423	7386	7098	8306	8505	7122	7016	6996	7403	14023	8824	8416	7658	7298	8159	7023	9766	6962	7000	7198	70000	70000	43197	51595	7694	7520	70000	70000	70000	70000	14049	7477	70000	70000	53474	35458	13540	3.500027777777778	3.50002777777778
12900.1	29.2	7240	12374	14428	9126	7524	7156	8361	7160	6945	7894	7078	7446	12379	9173	8332	7547	7075	8219	8655	7093	7118	7010	7303	14117	8749	8317	7633	7318	7994	7094	9731	6994	6977	7320	70000	70000	44021	52073	7470	7553	70000	70000	70000	70000	13579	7149	70000	70000	50958	35627	13675	3.583361111111111	3.58336111111111
13200.1	29.2	7254	12593	14502	9158	7586	7112	8339	7013	6829	7872	7011	7206	12378	9107	8274	7500	7231	8268	8459	7028	6998	6984	7487	13951	8618	8296	7478	7210	8014	7137	9805	6928	7018	7355	70000	70000	44370	52500	7385	7444	70000	70000	70000	70000	13723	7242	70000	70000	55865	35841	13724	3.6666944444444445	3.66669444444444
13500.1	29.3	7384	12385	14424	9148	7622	7277	8382	7142	6863	7841	6902	7214	12643	9369	8346	7533	7292	8192	8381	6987	6984	7099	7386	13984	8742	8290	7666	7190	8158	6977	9926	7044	7008	7300	70000	70000	44231	52381	7687	7343	70000	70000	70000	70000	14010	7284	70000	70000	56410	35810	13799	3.750027777777778	3.75002777777778
13800.1	29.1	7219	12514	14544	9270	7565	7051	8213	7109	6872	7978	6982	7302	12475	9342	8348	7425	7136	8437	8438	6963	7039	7071	7338	13783	8869	8194	7474	7430	8166	7180	9723	7052	7124	7148	70000	70000	44359	52398	7734	7613	70000	70000	70000	70000	14802	7212	70000	70000	55728	36214	13905	3.833361111111111	3.83336111111111
14100.1	29.3	7248	12603	14465	9089	7517	7281	8316	7175	6783	7777	7075	7288	12241	9288	8143	7556	7081	8292	8398	6957	7032	7068	7311	14113	8659	8186	7488	7221	8113	7047	9704	6950	7089	7355	70000	70000	43404	52288	7532	7537	70000	70000	70000	70000	14167	7182	70000	70000	55816	35909	13909	3.9166944444444445	3.91669444444444
14400.1	29	7159	12190	14585	9169	7443	7164	8235	7247	6758	7902	7087	7279	12253	9151	8175	7348	7179	8326	8371	7033	6897	7207	7271	14144	8913	8139	7522	7125	7991	7103	9745	6975	6897	7175	70000	70000	43742	53015	7520	7367	70000	70000	70000	70000	14301	7045	70000	70000	56902	35932	13710	4.0000277777777775	4.00002777777778
14700.1	29.4	7183	12446	14585	9093	7459	7300	8158	7168	6838	7853	7013	7271	12189	9188	8325	7515	7207	8206	8461	7030	7140	6891	7342	13935	8799	8108	7638	7411	8173	7100	9799	6944	6904	7344	70000	70000	43655	53424	7549	7437	70000	70000	70000	70000	14495	7145	70000	70000	56273	35723	13951	4.083361111111111	4.08336111111111
15000.1	29.3	7155	12467	14423	9135	7490	7051	8368	7206	6885	7803	6918	7337	12212	9335	8343	7622	7199	8179	8567	6876	6947	7105	7135	14113	8609	8107	7594	7274	8238	6932	9801	7017	7171	7244	70000	70000	43493	53695	7639	7306	70000	70000	70000	70000	14181	7300	70000	70000	56469	35083	13865	4.1666944444444445	4.16669444444444
15300.1	29.1	7136	12340	14603	9139	7457	7014	8124	7118	6821	7779	6999	7261	12162	9394	8182	7563	7264	8066	8733	6931	6984	7020	7463	14241	8751	8132	7528	7364	8063	7069	9776	7064	7049	7225	70000	70000	43345	53699	7565	7310	70000	70000	70000	70000	13952	7144	70000	70000	54965	35090	13855	4.2500277777777775	4.25002777777778
15600.1	29.2	7232	12423	14325	9084	7582	7082	8252	7193	6892	7801	6954	7446	11990	9110	8307	7424	7262	8177	8593	7040	7162	7142	7354	13665	8855	8195	7612	7213	7982	7264	9730	6901	6985	7203	70000	70000	43688	53726	7664	7357	70000	70000	70000	70000	14257	7076	70000	70000	54064	35398	13841	4.333361111111111	4.33336111111111
15900.1	29.3	7308	12265	14522	9114	7489	7125	8233	7039	6898	7904	7179	7368	11947	9094	8248	7430	7115	8221	8709	6889	6975	7047	7233	13816	8513	8066	7690	7314	7998	7042	9717	7046	7077	7120	70000	70000	43641	53284	7604	7350	70000	70000	70000	70000	14447	7111	70000	70000	54963	34797	13866	4.4166944444444445	4.41669444444444
16200.1	29.2	7225	12293	14634	9187	7533	7103	8204	7103	6684	8015	6998	7476	11844	9327	8223	7615	7157	8152	8417	7092	6899	6954	7209	13634	8815	8138	7714	7273	8085	7016	9758	7001	7189	7263	70000	70000	44075	52908	7630	7403	70000	70000	70000	70000	14212	7203	70000	70000	54879	35240	13809	4.5000277777777775	4.50002777777778
16500.1	29.3	7129	12163	14310	9126	7530	7037	8147	7076	6897	7832	6949	7384	11900	9048	8363	7568	7126	8169	8413	6890	6963	7044	7333	13855	8770	8165	7676	7396	7946	6978	9745	6760	6948	7480	70000	70000	43708	53589	7632	7457	70000	70000	70000	70000	14086	6967	70000	70000	54932	35402	14122	4.583361111111111	4.58336111111111
16800.2	29.3	7254	12265	14434	9166	7377	7137	8291	7278	6911	7797	7022	7429	12040	9152	8365	7545	7098	8247	8497	6936	7053	7178	7297	13717	8782	8103	7535	7474	8134	7030	9823	6746	6932	7233	70000	70000	43972	53386	7791	7568	70000	70000	70000	70000	13951	7073	70000	70000	54776	35280	13950	4.666722222222222	4.66672222222222
17100.1	29.2	7306	12153	14477	9170	7521	7220	8000	7294	7029	7901	7078	7169	11546	9091	8297	7431	7172	8344	8484	6851	6891	7190	7404	13617	8684	8140	7624	7151	8008	7150	9635	6882	7128	7144	70000	70000	43672	52308	7657	7223	70000	70000	70000	70000	14368	7202	70000	70000	53910	35508	13684	4.7500277777777775	4.75002777777778
17400.1	29.2	7307	12126	14429	9093	7454	7232	8126	7204	6880	7803	6981	7252	11877	9056	8203	7487	7179	8234	8575	6941	6916	6975	7264	13537	8791	8116	7729	7291	8260	7021	9447	6770	6952	7162	70000	70000	44065	52719	7741	7497	70000	70000	70000	70000	14323	7066	70000	70000	54701	35458	13709	4.833361111111111	4.83336111111111
17700.1	29.1	7211	12028	14358	9111	7497	7197	8221	7233	6769	7599	7141	7285	12019	8975	8235	7417	7226	8266	8377	6942	6953	7097	7290	13618	8576	7807	7441	7317	7990	7058	9518	6883	7001	7087	70000	70000	43094	52710	7510	7465	70000	70000	70000	70000	14401	7056	70000	70000	54943	35714	13719	4.9166944444444445	4.91669444444444
18000.2	29.2	7251	11944	14419	8943	7479	7057	8247	7193	6947	7624	7212	7344	12027	8965	8218	7527	7099	8170	8311	6899	7079	7061	7302	13525	8613	8099	7467	7260	7968	6970	9431	6932	6999	7025	70000	70000	43157	52691	7558	7497	70000	70000	70000	70000	13980	7249	70000	70000	54090	35140	13566	5.000055555555556	5.00005555555556
18300.1	29.3	7066	12055	14150	9001	7501	7129	8300	7083	6789	7864	6992	7380	11718	8968	8144	7368	7007	8328	8148	6966	6953	6992	7298	13543	8662	8135	7511	7423	8014	6942	9440	6942	6987	7274	70000	70000	44225	52271	7761	7461	70000	70000	70000	70000	14357	7143	70000	70000	54178	35465	13686	5.083361111111111	5.08336111111111
18600.2	29.3	7182	11976	13976	9097	7582	7026	8153	7134	6695	7789	7055	7323	11783	9080	8151	7228	7289	8335	8565	6911	6873	7115	7244	13408	8409	7978	7605	7230	8099	7153	9428	6769	6804	7305	70000	70000	43792	51536	7597	7430	70000	70000	70000	70000	14478	7119	70000	70000	53790	35430	13460	5.166722222222222	5.16672222222222
18900.2	29.4	7088	11892	14567	8976	7450	6934	8117	6951	6818	7841	7094	7216	12044	9184	8139	7421	7068	8081	8313	6968	7044	6969	7222	13438	8549	8065	7579	7251	7971	7021	9651	6698	6899	7244	70000	70000	43410	51807	7808	7211	70000	70000	70000	70000	13959	7073	70000	70000	49920	35333	13551	5.250055555555556	5.25005555555556
19200.2	29.2	7176	11977	14087	8868	7427	6955	7932	7066	6832	7860	6902	7375	11572	9013	8144	7370	7102	7951	8422	7059	6923	6986	7345	13417	8609	7820	7500	7120	7942	6994	9521	6906	6950	7218	70000	70000	42932	51742	7630	7436	70000	70000	70000	70000	14161	7046	70000	70000	50732	35439	13703	5.333388888888889	5.33338888888889
19500.2	29.1	7058	11890	14278	8940	7441	7108	8169	7096	6798	7678	6952	7232	11566	8880	8142	7529	7158	8131	8508	6939	6883	6894	7407	13268	8493	7992	7551	7264	7934	7066	9864	6996	7029	7171	70000	70000	42704	52393	7466	7443	70000	70000	70000	70000	14262	7027	70000	70000	51561	35383	13518	5.416722222222222	5.41672222222222
19800.2	29.3	7102	11768	14128	8865	7357	7022	8045	7324	6821	7887	6990	7437	11608	8925	8069	7506	7205	8012	8519	6904	6836	7039	7160	13506	8589	7985	7640	7238	7904	6940	9536	6885	7079	7246	70000	70000	43448	51734	7528	7304	70000	70000	70000	70000	14087	7152	70000	70000	52685	35630	13615	5.500055555555556	5.50005555555556
20100.2	29.2	7090	11683	14357	8775	7436	7140	8099	7053	6918	7620	6957	7203	11478	8888	8123	7366	7178	8209	8387	6857	6880	6951	7415	13387	8488	8015	7394	7167	8047	6960	9527	6769	6860	7091	70000	70000	43720	51780	7590	7270	70000	70000	70000	70000	13992	6957	70000	70000	52735	35448	13307	5.583388888888889	5.58338888888889
20400.2	29.1	7055	11723	14097	8769	7343	7047	7885	7036	6849	7524	6813	7151	11685	8940	8058	7515	7195	8187	8551	6871	6975	6936	7257	13216	8616	7921	7442	7301	7892	7000	9492	6837	7027	6990	70000	70000	43483	51705	7481	7468	70000	70000	70000	70000	13332	7040	70000	70000	52909	35207	13668	5.666722222222222	5.66672222222222
20700.2	29.1	7144	12016	14067	8874	7337	7161	8140	7154	6799	7498	6942	7345	11699	8981	8343	7469	7162	8212	8491	6916	7039	6876	7280	13199	8625	7977	7395	7252	7818	6992	9614	6976	7032	7189	70000	70000	43716	51558	7598	7352	70000	70000	70000	70000	13570	7093	70000	70000	52769	34903	13404	5.750055555555556	5.75005555555556
21000.2	29.3	7190	11735	14302	8814	7269	7158	8146	7143	6898	7754	7006	7487	11436	8879	8018	7289	7126	8157	8400	6963	7119	6981	7400	13044	8551	7944	7711	7424	7829	6968	9498	6798	7085	7231	70000	70000	43411	51299	7710	7417	70000	70000	70000	70000	13477	7084	70000	70000	53565	35425	13174	5.833388888888889	5.83338888888889
21300.2	29.2	7120	11504	14256	8883	7302	6944	8168	7027	6959	7788	7050	7400	11687	8941	8223	7405	7247	8081	8282	6901	6992	6989	7219	13067	8690	7961	7452	7239	7849	6931	9450	6813	7053	7272	70000	70000	43019	51572	7693	7291	70000	70000	70000	70000	13448	7108	70000	70000	52695	35241	13117	5.916722222222222	5.91672222222222
21600.2	29.1	7109	11663	14313	8854	7434	6904	8011	7137	6970	7527	6920	7253	11364	8853	8131	7443	7089	8048	8413	6861	6783	6977	7299	13213	8377	7847	7557	7265	7720	6946	9483	6801	6869	7067	70000	70000	43059	51557	7617	7367	70000	70000	70000	70000	13391	7136	70000	70000	52384	35316	13310	6.000055555555556	6.00005555555556
21900.2	29.2	7034	11497	14371	8840	7450	7013	8194	6971	6928	7602	6829	7346	11594	8988	8126	7434	7163	8157	8297	6722	6900	7093	7268	13040	8665	7811	7448	7278	7829	6897	9598	6872	6982	7207	70000	70000	43086	50773	7683	7295	70000	70000	70000	70000	13242	7052	70000	70000	53146	34885	13269	6.083388888888889	6.08338888888889
22200.2	29.3	6991	11644	14268	8866	7568	7049	7903	7150	6823	7628	6837	7303	11425	8720	8109	7380	7022	7962	8330	6969	6932	6990	7361	12788	8360	7967	7467	7295	7865	6967	9626	6826	6821	7067	70000	70000	43008	51367	7776	7331	70000	70000	70000	70000	13641	7095	70000	70000	53661	34922	13213	6.166722222222222	6.16672222222222
22500.2	29.3	7050	11702	14265	8799	7294	7035	7989	7132	6889	7543	6961	7302	11162	8495	8097	7437	7082	8155	8543	7022	7031	6886	7158	12702	8500	7928	7585	7392	7707	6912	9577	6703	6908	7233	70000	70000	42666	51293	7583	7461	70000	70000	70000	70000	13526	7170	70000	70000	54352	35747	13363	6.250055555555556	6.25005555555556
22800.2	29.3	7191	11478	14245	8832	7563	7069	7882	7097	6901	7524	6910	7302	11409	8745	8006	7447	7076	8064	8446	6991	6813	6973	7088	13014	8379	7735	7409	7184	7773	6883	9638	6918	7001	7207	70000	70000	42669	50965	7673	7378	70000	70000	70000	70000	13532	7023	70000	70000	53188	35265	13373	6.333388888888889	6.33338888888889
23100.2	29.5	7121	11781	14135	8961	7309	7068	7975	7025	7059	7645	6993	7262	11561	8816	8061	7476	7108	8044	8400	6873	6982	6992	7371	12845	8434	7884	7518	7379	7953	6945	9518	6774	6907	7204	70000	70000	42693	51522	7663	7269	70000	70000	70000	70000	13306	7063	70000	70000	52064	35419	13209	6.416722222222222	6.41672222222222
23400.2	29.5	7125	11584	14330	8868	7507	6932	8077	7056	6784	7603	7012	7475	11239	8751	8019	7477	7026	8215	8291	6909	7047	6974	7253	13096	8656	7931	7441	7125	7887	6927	9427	6890	7024	7164	70000	70000	42949	50664	7677	7398	70000	70000	70000	70000	13568	7000	70000	70000	53178	35284	13068	6.500055555555556	6.50005555555556
23700.2	29.2	7147	11637	14162	8777	7474	6892	8037	7273	6735	7666	6919	7500	11473	8996	7894	7500	7232	8110	8371	6962	6988	7068	7258	13122	8646	7806	7451	7216	7932	7048	9779	6787	6875	7143	70000	70000	42560	50631	7551	7305	70000	70000	70000	70000	13772	7072	70000	70000	49650	35896	13080	6.583388888888889	6.58338888888889
24000.2	29.4	7232	11489	14175	8866	7415	7007	7934	7184	6788	7695	6801	7512	11282	8845	8055	7375	7188	8217	8294	6844	7034	7140	7230	12766	8588	7784	7662	7159	7804	7055	9722	6790	7044	7162	70000	70000	42074	50766	7472	7434	70000	70000	70000	70000	13554	7096	70000	70000	50286	35154	12863	6.666722222222222	6.66672222222222
24300.2	29.2	7166	11645	14043	8812	7460	7134	7790	7186	6794	7700	6875	7505	11190	8928	8050	7414	7160	8047	8588	6986	6922	6984	7213	13129	8449	7889	7427	7044	7769	7082	9097	6880	6928	7152	70000	70000	42143	51034	7461	7306	70000	70000	70000	70000	13734	7040	70000	70000	52083	35162	13296	6.750055555555556	6.75005555555556
24600.2	29.3	7165	11809	14059	8752	7421	7273	7824	7151	6820	7569	7024	7404	11017	8736	8120	7409	6970	8121	8448	6649	6952	6999	7185	12975	8563	7958	7478	7188	7706	7075	9619	6967	6879	7133	70000	70000	42177	50263	7684	7287	70000	70000	70000	70000	13461	7008	70000	70000	51470	35011	12833	6.833388888888889	6.83338888888889
24900.2	29.2	7127	11885	14295	8755	7402	7091	7843	7083	6646	7684	7078	7459	11249	8608	8122	7317	7039	8292	8512	6910	6899	6954	7356	12831	8536	8084	7477	7120	7631	7023	9419	6805	6940	6918	70000	70000	42291	50640	7635	7501	70000	70000	70000	70000	13337	7033	70000	70000	50945	34992	13060	6.916722222222222	6.91672222222222
25200.2	29.2	7130	11358	14153	8917	7407	6978	8073	7087	6795	7735	6973	7434	11359	8773	8003	7317	7141	8066	8491	6988	7005	7090	7274	13042	8459	7887	7479	7059	7689	7081	9653	6946	6930	7137	70000	70000	41018	50039	7521	7331	70000	70000	70000	70000	13720	7074	70000	70000	48317	34541	13104	7.000055555555556	7.00005555555556
25500.2	29.3	7100	11823	14253	8689	7555	7161	8007	7056	6752	7658	6935	7539	11281	8698	7923	7436	7031	7898	8369	7004	6997	7025	7459	12627	8514	7753	7340	7238	7725	7071	9319	6856	7107	7094	70000	70000	41376	49991	7783	7447	70000	70000	70000	70000	13576	6987	70000	70000	50040	35044	13254	7.083388888888889	7.08338888888889
25800.2	29.3	6981	11505	14217	8894	7236	6982	8019	7029	6770	7746	6903	7490	11190	8673	8056	7394	6964	7895	8345	6883	7045	6872	7127	12659	8432	7917	7458	7148	7556	6806	9371	6764	6996	7192	70000	70000	41763	49342	7689	7290	70000	70000	70000	70000	13189	6944	70000	70000	50467	34588	12860	7.166722222222222	7.16672222222222
26100.2	29.2	7261	11433	14084	8729	7424	7007	7919	7237	6907	7562	7001	7333	11058	8720	7917	7370	7028	8089	8434	6913	7064	7130	7248	12438	8406	7906	7300	6976	7695	6981	9389	6728	6929	7149	70000	70000	41655	49053	7487	7175	70000	70000	70000	70000	13493	6993	70000	70000	50311	34676	12974	7.250055555555556	7.25005555555556
26400.2	29.2	7016	11300	14263	8671	7243	7117	8128	6999	6752	7635	6855	7511	11154	8719	8164	7415	7100	8250	8559	6745	6836	6914	7194	12465	8484	7892	7542	7175	7629	6789	9358	6655	6902	7349	70000	70000	41819	49104	7592	7298	70000	70000	70000	70000	13412	6919	70000	70000	51256	34638	12934	7.333388888888889	7.33338888888889
26700.2	29.1	7179	11276	14298	8628	7338	7102	8094	7047	6611	7759	7013	7332	11404	8887	7931	7302	7113	8172	8508	6881	6970	7117	7194	12696	8410	7853	7616	7219	7768	6856	9390	6682	6877	7063	70000	70000	41677	49228	7677	7195	70000	70000	70000	70000	13130	6968	70000	70000	52339	34663	13135	7.416722222222222	7.41672222222222
27000.2	29.2	7137	11312	14107	8856	7316	6840	7979	7093	6772	7660	6905	7428	11137	8807	7919	7235	7234	8038	8527	6967	6994	6985	7126	12624	8306	7876	7414	7132	7704	6993	9549	6885	6909	7197	70000	70000	42032	49453	7677	7236	70000	70000	70000	70000	13682	7056	70000	70000	50199	34729	13149	7.500055555555556	7.50005555555556
27300.2	29.5	7189	11428	13995	8784	7420	7226	8018	7003	6775	7518	7128	7644	11157	8837	8191	7334	7074	8092	8531	6719	7069	6944	7249	12284	8395	7696	7394	7207	7765	7074	9435	6862	7097	7228	70000	70000	41992	48634	7481	7353	70000	70000	70000	70000	13768	7025	70000	70000	50038	34362	12884	7.583388888888889	7.58338888888889
27600.2	29.1	7187	11444	14062	8837	7335	6960	8036	7116	6763	7706	6890	7491	11069	8799	7975	7507	7204	8130	8570	6969	6949	7069	7325	12877	8358	7738	7287	7078	7766	7023	9385	6884	6934	7103	70000	70000	42289	48417	7535	7298	70000	70000	70000	70000	13499	6993	70000	70000	52169	34320	12746	7.666722222222222	7.66672222222222
27900.2	29.2	7179	11372	13778	8758	7441	7144	7949	7032	6808	7672	6972	7310	10986	8757	7882	7260	7133	8124	8323	6912	6881	7115	7182	12560	8454	7915	7333	7207	7706	6988	9394	6884	6952	7187	70000	70000	42133	47536	7435	7459	70000	70000	70000	70000	13700	6976	70000	70000	50370	34322	12696	7.750055555555556	7.75005555555556
28200.2	29.4	7118	11272	13730	8819	7371	7003	8055	7098	6967	7749	7027	7445	11038	8929	8080	7455	7066	7874	8564	6828	7008	6899	7191	12539	8433	7666	7496	7171	7732	7042	9467	6860	6966	7147	70000	70000	42368	45766	7607	7317	70000	70000	70000	70000	13506	6987	70000	70000	51957	34516	12868	7.833388888888889	7.83338888888889
28500.2	29.2	7056	11616	13864	8715	7378	6916	7873	6901	6825	7417	6932	7492	11205	8701	7821	7495	7063	7958	8302	6854	7021	7123	7091	12693	8236	7804	7338	7186	7753	6861	9319	6884	6972	7014	70000	70000	42155	44975	7473	7472	70000	70000	70000	70000	13549	7160	70000	70000	52111	34643	12698	7.916722222222222	7.91672222222222
28800.2	29.2	7099	11427	13694	8857	7356	7084	8148	7057	6829	7724	6869	7509	11074	8849	8043	7405	7079	8350	8444	6963	6966	6996	7230	12528	8398	7731	7335	7333	7563	6869	9284	6820	6823	7206	70000	70000	41517	44469	7648	7548	70000	70000	70000	70000	13406	7073	70000	70000	50069	34194	12972	8.000055555555555	8.00005555555556
29100.2	29.2	7036	11405	13612	8698	7336	7191	7994	7167	6703	7647	7056	7528	11193	8507	8012	7503	7228	8299	8390	7004	6763	7073	7300	12596	8270	7782	7401	7181	7664	6793	9407	6755	6911	7268	70000	70000	40760	45389	7745	7346	70000	70000	70000	70000	13461	7115	70000	70000	51590	34519	12788	8.083388888888889	8.08338888888889
29400.2	29.3	7082	11131	13677	8714	7276	7097	7983	7169	6726	7676	6940	7360	11228	9039	7827	7244	6959	8184	8255	6829	6997	6929	7315	12377	8405	7718	7360	7145	7696	6910	9452	6868	6788	7061	70000	70000	40849	45417	7515	7277	70000	70000	70000	70000	13435	7023	70000	70000	51505	34482	12452	8.166722222222223	8.16672222222222
29700.3	29.1	7074	11059	13603	8781	7381	6975	7869	7165	6853	7538	7076	7494	11113	8896	7990	7244	7039	8083	8336	6720	6956	6944	7278	12447	8575	7763	7474	7218	7813	7014	9183	6990	6873	7012	70000	70000	39879	46909	7412	7439	70000	70000	70000	70000	13317	7038	70000	70000	51752	34113	12704	8.250083333333333	8.25008333333333
30000.3	29.3	7132	11255	13418	8722	7273	6982	8087	7041	6724	7715	6959	7418	11142	8957	7867	7341	7062	8172	8613	7000	6942	6858	7265	12573	8383	7761	7468	7143	7760	6914	9298	6866	6936	7011	70000	70000	40179	47356	7664	7337	70000	70000	70000	70000	13348	7012	70000	70000	51554	33718	12795	8.333416666666666	8.33341666666667
30300.2	29.1	7177	11334	13425	8725	7296	7016	8174	7127	6837	7562	6897	7421	11188	8828	7704	7308	7138	8162	8462	6944	7016	6901	7264	12216	8194	7781	7430	7119	7813	6924	9199	6839	6992	7246	70000	70000	40520	46919	7639	7205	70000	70000	70000	70000	13099	7038	70000	70000	50179	33651	12723	8.416722222222223	8.41672222222222
30600.3	29.1	6870	11357	13514	8767	7575	7127	8006	7153	6707	7706	6913	7451	11238	8774	7767	7225	7243	8087	8522	6845	6942	6854	7122	12313	8532	7775	7288	7182	7668	6968	9139	6824	6990	6936	70000	70000	40659	47458	7479	7400	70000	70000	70000	70000	13185	6850	70000	70000	49304	33647	12385	8.500083333333333	8.50008333333333
30900.2	29.3	7025	11236	13271	8741	7398	6910	7932	6950	6938	7750	6812	7398	11054	8749	7790	7440	7118	7992	8528	7002	6940	7154	7255	12426	8416	7672	7314	7258	7734	6858	9181	6796	7016	7102	70000	70000	40263	47490	7623	7282	70000	70000	70000	70000	13309	6950	70000	70000	49995	33882	12668	8.583388888888889	8.58338888888889
31200.3	29.1	7011	11418	13308	8868	7366	6914	8119	7151	6789	7695	6996	7441	10992	8686	7905	7214	6994	7980	8407	6846	7024	6916	7268	12124	8428	7750	7315	7042	7979	6965	9206	6999	7017	7108	70000	70000	40439	47579	7602	7369	70000	70000	70000	70000	13156	7070	70000	70000	50887	34020	12665	8.66675	8.66675
31500.2	29.2	7170	11187	13380	8701	7339	6893	8047	7078	6802	7547	6948	7440	10976	8673	7814	7292	6997	8115	8459	6985	6979	6823	7153	12134	8420	7933	7496	7051	7669	7085	9091	6643	6955	7045	70000	70000	40595	47806	7574	7302	70000	70000	70000	70000	13352	6943	70000	70000	49838	33735	12396	8.750055555555555	8.75005555555556
31800.3	29.3	7268	11232	13421	8726	7367	7097	7974	6992	6717	7817	6938	7250	10987	8710	7761	7074	7090	8061	8349	7000	6874	7043	7089	12595	8402	7796	7258	7135	7627	7076	9005	6756	6777	7194	70000	70000	40180	47446	7608	7320	70000	70000	70000	70000	13054	6999	70000	70000	49764	33758	12366	8.833416666666666	8.83341666666667
32100.3	29.2	7050	11156	13153	8593	7248	6802	7725	6926	6737	7439	7058	7391	11004	8650	7946	7271	7158	8004	8342	6751	6977	6902	7253	12397	8359	7599	7375	7188	7539	6969	9201	6817	6842	7002	70000	70000	40109	47519	7470	7274	70000	70000	70000	70000	12583	6819	70000	70000	49880	33196	12450	8.91675	8.91675
32400.3	29.3	7098	11384	13362	8389	7299	6995	7894	7259	6890	7616	6900	7321	11046	8844	7652	7425	7090	7892	8236	6831	6962	6876	7268	12470	8315	7652	7217	7259	7617	6925	9020	6748	6994	7178	70000	70000	40915	48018	7382	7246	70000	70000	70000	70000	13289	7135	70000	70000	49336	33944	12747	9.000083333333333	9.00008333333333
32700.3	29.1	7030	11460	13478	8783	7457	6925	8051	7211	6669	7661	6990	7434	10805	8661	7759	7322	7043	8150	8393	7014	6941	6842	7307	12399	8414	7702	7260	7022	7627	6872	9259	6690	6808	7125	70000	70000	40237	48340	7656	7191	70000	70000	70000	70000	12772	7063	70000	70000	49782	33869	12345	9.083416666666666	9.08341666666667
33000.3	29.2	7055	11065	13007	8768	7398	6993	7826	7033	6891	7597	6881	7277	10803	8726	7742	7424	7068	7999	8345	6822	7092	6942	7377	12496	8445	7666	7343	7255	7805	6879	9234	6858	6846	7088	70000	70000	40004	48013	7571	7301	70000	70000	70000	70000	12690	6961	70000	70000	48977	33420	12480	9.16675	9.16675
33300.3	29.2	7043	11323	13311	8644	7296	7014	8001	6978	6677	7694	6921	7186	10915	8674	7825	7394	7059	8248	8411	6786	6892	6992	7163	12634	8260	7529	7391	7182	7648	6986	9106	6735	6994	7170	70000	70000	39833	48163	7440	7355	70000	70000	70000	70000	12987	6852	70000	70000	48858	33150	12354	9.250083333333333	9.25008333333333
33600.3	29.3	6961	11403	12915	8697	7430	6952	7689	7069	6649	7749	6932	7480	10828	8870	7667	7226	7200	8034	8516	6822	6813	7018	7025	12612	8364	7782	7275	7116	7659	6953	9343	6961	6863	7086	70000	70000	39351	47831	7528	7282	70000	70000	70000	70000	12907	6960	70000	70000	47921	33889	12241	9.333416666666666	9.33341666666667
33900.3	29.1	7057	11547	13082	8784	7495	7034	7917	7027	6828	7708	7036	7384	11232	8844	7753	7266	7085	7951	8483	6763	6921	6929	7201	12546	8493	7701	7344	7250	7756	6893	9131	6827	7022	7091	70000	70000	39845	47808	7515	7368	70000	70000	70000	70000	13069	6859	70000	70000	46488	33524	12346	9.41675	9.41675
34200.3	29.2	7043	11367	13114	8643	7425	7050	7971	7112	6836	7549	6904	7245	10999	8599	7792	7257	7126	7919	8335	6818	6755	6974	7358	12367	8241	7641	7458	7050	7609	6924	9067	6857	6872	7066	70000	70000	39807	47646	7473	7222	70000	70000	70000	70000	12968	7008	70000	70000	47089	33289	12331	9.500083333333333	9.50008333333333
34500.3	29.3	7076	11357	12991	8520	7329	6932	7782	6916	6704	7541	6896	7211	11110	8837	7567	7437	7198	7891	8424	6905	6897	6877	7224	12442	8348	7743	7216	7072	7729	6966	9094	6676	6903	6995	70000	70000	39793	47661	7409	7457	70000	70000	70000	70000	12863	6887	70000	70000	46413	33036	11933	9.583416666666666	9.58341666666667
34800.3	29.3	7253	11196	13063	8661	7262	6976	8014	6988	6937	7616	6889	7179	11005	8663	7717	7281	7167	7971	8479	6875	6829	6965	7223	12504	8204	7706	7424	7050	7628	6848	9080	6797	6929	7033	70000	70000	39225	47321	7491	7253	70000	70000	70000	70000	12758	6866	70000	70000	48613	33299	12359	9.66675	9.66675
35100.3	29.2	7150	11275	12987	8641	7337	7092	7856	6882	6656	7442	6900	7123	10663	8622	7792	7183	7255	7975	8332	6612	6923	6728	7229	12630	8295	7866	7270	7012	7829	7054	9127	6806	6871	7213	70000	70000	38986	47774	7527	7206	70000	70000	70000	70000	13128	7065	70000	70000	47318	33226	12177	9.750083333333333	9.75008333333333
35400.3	29.3	6972	11075	13036	8532	7541	6849	7835	6969	6757	7612	6876	7415	10832	8568	7692	7332	7017	8209	8311	6967	6910	6886	7175	12568	8197	7614	7349	7181	7680	6968	9269	6842	6974	6919	70000	70000	39179	47088	7594	7270	70000	70000	70000	70000	12878	6930	70000	70000	48108	33152	12281	9.833416666666666	9.83341666666667
35700.3	29.2	7084	10954	12785	8660	7245	6966	7984	7193	6705	7490	6815	7368	10916	8622	7725	7295	7185	7943	8311	6722	6883	6888	7269	12556	8297	7924	7333	7090	7649	6956	9251	6814	6779	7275	70000	70000	39154	47533	7457	7091	70000	70000	70000	70000	12948	6931	70000	70000	49176	33077	12014	9.91675	9.91675
36000.3	29.2	7080	11131	13061	8740	7400	6886	8007	7077	6833	7579	6956	7142	10560	8792	7779	7238	7082	8015	8512	6707	6888	6958	7205	12145	8220	7711	7424	7100	7808	6990	9311	6766	6893	7105	70000	70000	39136	47421	7419	7196	70000	70000	70000	70000	12828	6975	70000	70000	48798	33536	11976	10.000083333333333	10.0000833333333
36300.3	29.3	7007	11208	13205	8639	7246	6981	7909	6960	6829	7761	6910	7274	10848	8610	7689	7273	7181	8079	8378	6773	6980	6954	7113	12073	8279	7688	7358	7210	7901	6896	9439	6865	6892	7079	70000	70000	39242	47676	7557	7178	70000	70000	70000	70000	12736	7031	70000	70000	48775	33036	12227	10.083416666666666	10.0834166666667
36600.3	29.3	7098	11073	13069	8729	7308	6957	7962	7204	6900	7703	6890	7208	10789	8958	7922	7297	7153	7837	8613	6845	6958	6811	7292	12357	8560	7860	7325	7179	7532	6823	9402	6732	6907	7109	70000	70000	38157	47855	7450	7382	70000	70000	70000	70000	12647	6990	70000	70000	48124	32777	12296	10.16675	10.16675
36900.3	29.3	6966	11198	13153	8749	7199	6894	7918	6959	6752	7832	6787	7272	10756	8858	7757	7265	7108	7971	8448	6858	6961	6879	7179	12286	8258	7766	7433	7242	7584	6847	9225	6707	6781	6989	70000	70000	38442	47643	7413	7388	70000	70000	70000	70000	12939	7069	70000	70000	48824	33269	12029	10.250083333333333	10.2500833333333
37200.3	29.2	7046	11441	13100	8618	7425	6979	7946	7006	6708	7734	6941	7128	10870	8633	7718	7345	7061	8121	8384	6711	6840	6912	7189	12208	8306	7897	7437	6967	7603	6867	9312	6774	7076	7053	70000	70000	38763	47458	7515	7310	70000	70000	70000	70000	12675	7026	70000	70000	48459	32922	12042	10.333416666666666	10.3334166666667
37500.3	29.2	7057	11212	12921	8664	7410	6870	8063	7084	6878	7808	6798	7435	10790	8494	7898	7273	6970	8015	8623	6858	7023	6790	7328	12308	8339	7920	7331	7117	7559	6860	9326	6800	6910	6976	70000	70000	38907	47138	7331	7239	70000	70000	58869	70000	12717	6663	70000	70000	47776	32697	12138	10.41675	10.41675
37800.3	29.1	7204	11104	12876	8729	7306	6857	7842	7211	6700	7737	6947	7048	10652	8623	7790	7318	7182	7934	8326	6835	6931	6962	7125	12207	8193	7700	7405	7003	7733	7004	9243	6804	6785	7094	70000	70000	38847	46821	7577	7286	70000	70000	70000	70000	12749	6922	70000	70000	49006	32885	12001	10.500083333333333	10.5000833333333
38100.3	29.3	7017	11283	12761	8806	7389	7072	8024	7117	7013	7769	7015	7160	10748	8683	7817	7298	6997	7885	8407	6934	6871	6962	7209	12382	8403	7804	7378	7118	7540	7036	9130	6877	6976	7098	70000	70000	38975	47104	7464	7294	70000	70000	70000	70000	12695	6894	70000	70000	47341	32938	12228	10.583416666666666	10.5834166666667
38400.3	29.3	7101	11023	12956	9015	7161	6952	7855	7047	6814	7760	6963	7214	10814	8646	7825	7284	7026	8148	8370	6862	6977	6883	7075	12012	8217	7942	7283	7052	7798	6997	9284	6708	6956	7140	70000	70000	39271	46569	7425	7420	70000	70000	70000	70000	12161	7089	70000	70000	47460	32537	12025	10.66675	10.66675
38700.3	29.3	7032	11013	13035	8803	7311	6916	8025	6978	6632	7659	6870	7165	10914	8634	7664	7229	6968	8215	8660	6746	6950	6807	6966	11981	8208	7730	7307	7252	7651	6813	9206	6808	6991	7086	70000	70000	38899	46249	7396	7342	70000	70000	70000	70000	12539	7018	70000	70000	49002	32751	12316	10.750083333333333	10.7500833333333
39000.3	29.3	7043	10904	12767	8743	7255	7049	7899	6959	6782	7610	6947	7247	11031	8632	7906	7293	7134	8217	8321	6889	6808	6903	7341	11995	8381	7696	7351	7054	7497	6852	9327	6653	6801	7157	70000	70000	39383	46517	7435	7304	70000	70000	70000	70000	12623	7071	70000	70000	48512	32788	12038	10.833416666666666	10.8334166666667
39300.3	29.1	7015	11132	12770	8806	7337	7093	7797	7047	6842	7630	7035	7344	10735	8729	7884	7332	7089	7917	8357	6953	6864	6976	7211	12174	8153	7690	7364	7155	7657	6895	9289	6768	6905	7018	70000	70000	39188	46591	7328	7195	70000	70000	70000	70000	12759	7003	70000	70000	48958	32952	11968	10.91675	10.91675
39600.3	29.3	7044	10904	12871	8757	7287	7005	7994	7057	6847	7816	6838	7211	10550	8826	7728	7339	7025	8105	8633	6879	6912	6880	7445	11951	8330	7635	7342	7145	7677	6905	9253	6802	6847	7090	70000	70000	38446	46580	7387	7465	70000	70000	70000	70000	12450	6853	70000	70000	44914	32502	12030	11.000083333333333	11.0000833333333
39900.3	29.2	7132	10989	12470	8715	7168	6907	7912	6904	6698	7665	6860	7300	10680	8541	7814	7355	7054	8001	8500	6852	7017	6902	7159	12199	8138	7874	7278	7032	7709	6855	9322	6739	6849	7089	70000	70000	38814	47324	7381	7237	70000	70000	70000	70000	12598	6848	70000	70000	45108	32826	11909	11.083416666666666	11.0834166666667
40200.3	29.2	6943	11190	12616	8855	7232	6732	7927	7084	6889	7623	6966	7150	10734	8657	7618	7381	6947	8008	8406	6767	6899	6940	7050	11973	8268	7679	7176	7231	7631	7110	9354	6813	6999	7093	70000	70000	38675	47292	7408	7242	70000	70000	70000	70000	12543	6863	70000	70000	45156	32518	11628	11.16675	11.16675
40500.3	29.4	7077	11165	12640	8704	7256	7034	8016	7023	6735	7668	6929	7285	11024	8529	7816	7246	6952	8102	8411	6800	6749	6895	7247	12129	8197	7448	7370	7113	7589	6988	9127	6728	6765	6802	70000	70000	38646	47307	7423	7399	70000	70000	70000	70000	12437	7062	70000	70000	43055	32708	11885	11.250083333333333	11.2500833333333
40800.3	29.3	7168	11116	12701	8644	7234	7008	7900	7033	6650	7680	7051	6971	10864	8421	7789	7222	6977	8050	8504	6768	7028	6988	7094	12211	7948	7632	7334	7149	7619	6854	9069	6773	6940	6995	70000	70000	38413	47263	7448	7335	70000	70000	70000	70000	12712	6905	70000	70000	43034	32522	11852	11.333416666666666	11.3334166666667
41100.3	29.5	7080	11145	12735	8522	7221	7201	7962	7090	6903	7669	6802	7185	10955	8381	7805	7102	7071	7987	8295	6822	6705	6742	7215	11773	8371	7551	7276	7031	7586	7069	9308	6802	6842	7068	70000	70000	37547	47939	7515	7277	70000	70000	70000	70000	12644	7043	70000	70000	43645	32732	11899	11.41675	11.41675
41400.3	29.4	7047	11248	12640	8720	7199	6881	7948	7190	6550	7718	6886	7337	10935	8510	7869	7245	6932	7817	8250	6880	6891	6943	6976	11986	8373	7839	7285	7242	7343	6833	9162	6919	6793	7011	70000	70000	37461	47420	7391	7267	70000	70000	70000	70000	12321	7127	70000	70000	43634	32751	11677	11.500083333333333	11.5000833333333
41700.3	29.2	6956	10784	12704	8578	7351	7030	7710	7128	6659	7555	6929	7398	10623	8503	7752	7361	6975	8017	8165	6753	6815	6974	6996	12264	8175	7544	7278	7184	7608	6746	9179	6742	6931	7065	70000	70000	37982	47566	7342	7372	70000	70000	70000	70000	12452	6724	70000	70000	42965	32687	11782	11.583416666666666	11.5834166666667
42000.3	29.3	7038	10884	12562	8636	7159	6867	7898	7053	6789	7633	6900	7118	10616	8470	7756	7331	7003	7953	8161	6729	6895	6928	7093	11816	8163	7496	7339	7050	7556	6970	9255	6664	6795	7013	70000	70000	38233	47339	7520	7292	70000	70000	70000	70000	12333	6900	70000	70000	41844	32248	12046	11.66675	11.66675
42300.3	29.2	7059	10935	12449	8610	7153	6909	7763	6994	6723	7847	6850	7185	10374	8284	7688	7299	7026	8121	8272	6953	6817	6815	7123	11745	7984	7598	7498	6973	7617	6855	8985	6648	6787	7151	70000	70000	37575	47241	7425	7240	70000	70000	70000	70000	12339	6780	70000	70000	41705	31998	11705	11.750083333333333	11.7500833333333
42600.3	29	6928	11108	12418	8525	7238	6992	7711	7092	6833	7543	6811	7301	10508	8454	7779	7276	7160	8045	8143	6679	6847	6951	7160	12148	8223	7784	7202	7106	7685	7018	9218	6728	6874	6986	70000	70000	37981	47202	7424	7126	70000	70000	70000	70000	12484	6782	70000	70000	41987	32029	11860	11.833416666666666	11.8334166666667
42900.3	29.3	6999	10877	12429	8606	7172	6913	7714	7120	6831	7683	6926	7369	10608	8682	7541	7276	7040	7820	8238	6856	6813	6925	6967	12357	8174	7648	7239	6966	7493	7067	9254	6705	6947	7173	70000	70000	38524	47040	7494	7241	70000	70000	70000	70000	12435	6863	70000	70000	42476	32269	11823	11.91675	11.91675
43200.3	29.4	6977	11057	12222	8722	7226	7017	7835	7075	6627	7695	6897	7079	10686	8469	7603	7205	6902	7807	8271	6722	6818	7093	7204	12182	8163	7727	7294	7249	7688	7047	9171	6910	6777	7048	70000	70000	36481	47376	7423	7259	70000	70000	70000	70000	12433	6931	70000	70000	44687	32257	11626	12.000083333333333	12.0000833333333
43500.3	29.2	7145	10888	12454	8634	7281	6958	7791	6957	6564	7797	6935	7117	10632	8425	7442	7326	6872	7670	8269	6828	6750	6854	7227	12147	8093	7553	7296	7011	7502	6751	9081	6797	6859	6896	70000	70000	38123	46587	7460	7282	70000	70000	70000	70000	12317	6850	70000	70000	45178	31774	11693	12.083416666666666	12.0834166666667
43800.3	29.2	6929	10806	12286	8706	7235	6849	7970	6969	6713	7611	6775	7133	10706	8572	7665	7199	7059	7692	8405	6749	6827	6909	7285	12051	8136	7624	7274	6999	7551	7047	9219	6844	6723	7016	70000	70000	37984	47039	7423	7039	70000	70000	70000	70000	12113	6965	70000	70000	42979	31932	11516	12.16675	12.16675
44100.3	29.3	6988	10755	12207	8523	7309	6926	7761	6857	6655	7587	6917	7102	10446	8341	7545	7174	6797	7883	8317	6499	6895	6931	7175	12131	8234	7548	7379	6993	7687	6867	9279	6725	6758	6940	70000	70000	37267	46538	7427	7247	70000	70000	70000	70000	12163	7025	70000	70000	43014	31945	11550	12.250083333333333	12.2500833333333
44400.3	29.4	7017	11034	12444	8622	7082	7023	7794	6806	6697	7596	6904	7201	10726	8254	7543	7161	7003	7901	8463	6754	6844	6969	7091	11992	8193	7663	7250	7200	7520	6932	9158	6772	6933	6949	70000	70000	36964	46532	7333	7159	70000	70000	70000	70000	12355	6815	70000	70000	44110	31526	11459	12.333416666666666	12.3334166666667
44700.3	29.1	6942	10937	12339	8485	7256	6852	7758	7017	6693	7502	6796	7141	10532	8259	7626	7214	7137	7962	8350	7005	6765	7035	7311	12138	8178	7691	7204	6992	7375	6826	9137	6841	6857	6837	70000	70000	36628	46572	7365	7215	70000	70000	70000	70000	12256	6921	70000	70000	44486	31671	11665	12.41675	12.41675
45000.4	29.2	6908	11006	12441	8502	7194	6911	7909	7066	6800	7577	6878	7269	10772	8663	7723	7239	7032	8015	8267	6712	6817	6978	7185	11804	8223	7612	7353	7095	7453	6767	9152	6658	6815	7008	70000	70000	36893	46298	7413	7314	70000	70000	70000	70000	12321	6932	70000	70000	44594	31657	11729	12.500111111111112	12.5001111111111
45300.3	29.4	7024	10899	12277	8539	7177	6886	7912	6825	6874	7605	6844	7084	10583	8438	7718	7123	7090	7932	8213	6834	6944	6814	6983	11788	8079	7734	7285	6990	7443	6925	9145	6743	6943	7105	70000	70000	36639	46069	7390	7150	70000	70000	70000	70000	12124	6956	70000	70000	44228	31545	11461	12.583416666666666	12.5834166666667
45600.4	29.3	6864	10788	12294	8498	7138	6928	7973	7019	6681	7579	6902	7237	10667	8510	7701	7131	6942	7964	8372	6784	6705	6887	7145	11934	8072	7547	7182	7122	7529	6966	9183	6642	6806	7123	70000	70000	37293	46658	7385	7218	70000	70000	70000	70000	12196	7060	70000	70000	43467	31749	11360	12.666777777777778	12.6667777777778
45900.4	29.2	7125	10913	12181	8607	7350	6870	7673	6856	6702	7673	6777	7176	10611	8591	7684	7086	7126	7952	8225	6736	6911	6916	7233	11948	8079	7397	7259	7113	7646	6880	9281	6910	6753	7019	70000	70000	37140	46211	7314	7265	70000	70000	70000	70000	12017	6859	70000	70000	44221	31330	11312	12.750111111111112	12.7501111111111
46200.4	29.1	6861	11029	12112	8624	7164	6830	7814	7106	6682	7544	6819	6970	10654	8432	7609	7254	6888	7862	8286	6703	6951	6951	7007	11775	8088	7532	7317	7010	7579	6928	9202	6684	6847	6790	70000	70000	36694	46349	7322	7111	70000	70000	70000	70000	12192	6768	70000	70000	44710	31577	11286	12.833444444444444	12.8334444444444
46500.4	29.3	6875	10905	12127	8682	7017	6928	7971	6909	6536	7827	6839	7199	10583	8521	7567	7077	6871	7866	8368	6899	6849	6742	7157	11911	8205	7563	7120	6901	7638	6826	9118	6740	7032	7010	70000	70000	36833	46490	7495	7164	70000	70000	70000	70000	12129	6740	70000	70000	44205	31760	11163	12.916777777777778	12.9167777777778
46800.4	29.3	6864	10813	12100	8496	7221	6866	7748	6954	6738	7766	6865	7231	10563	8442	7651	7163	7096	7895	8310	6738	6711	6901	7000	11803	8130	7553	7226	7047	7461	6855	8901	6614	6888	7014	70000	70000	36704	46891	7336	7173	70000	70000	70000	62603	12036	6958	70000	70000	43804	31274	11471	13.000111111111112	13.0001111111111
47100.4	29.3	6963	10621	12292	8730	7196	6925	8028	7116	6733	7673	6685	7167	10572	8338	7653	7162	6877	7931	8217	6744	6963	6839	7004	11750	7967	7431	7292	6853	7549	6722	9295	6707	6724	6901	70000	70000	36364	46598	7410	7169	70000	70000	70000	70000	11792	6885	70000	70000	43070	31969	11423	13.083444444444444	13.0834444444444
47400.4	29.3	6981	10929	12206	8510	7096	6946	7853	7070	6592	7490	6766	7217	10396	8502	7658	7181	7124	7884	8206	6822	6792	7079	6990	11676	8116	7489	7392	6878	7610	6977	8973	6571	6795	7031	70000	70000	36783	46357	7527	6976	70000	70000	70000	64051	11873	6827	70000	70000	43422	31211	11350	13.166777777777778	13.1667777777778
47700.4	29.2	7060	10824	12075	8605	7178	6848	7678	6876	6798	7757	6892	7211	10468	8526	7673	7306	7023	7887	8462	6707	6659	6935	7011	11834	8020	7466	7176	7021	7540	6821	9238	6696	6748	7019	70000	70000	36222	46207	7296	7082	70000	70000	70000	70000	11984	6866	70000	70000	43640	31323	11307	13.250111111111112	13.2501111111111
48000.4	29.2	7108	10839	12058	8529	7161	6815	7802	6971	6783	7677	6702	7124	10365	8483	7637	7142	6849	7825	8237	6784	6872	6807	7101	11921	7917	7509	7207	6905	7452	6767	9244	6719	6765	7123	70000	70000	36475	46309	7167	7223	70000	70000	70000	70000	11682	6796	70000	70000	44340	31753	11444	13.333444444444444	13.3334444444444
48300.4	29.2	6947	10737	12300	8626	7191	6903	7723	6982	6518	7609	6963	6995	10521	8409	7579	7274	6914	7852	8255	6823	6885	6865	7109	12131	8007	7555	7372	6960	7462	6697	9144	6692	6783	6893	70000	70000	36117	46345	7242	7191	70000	70000	70000	62786	11767	6854	70000	70000	44412	31312	11313	13.416777777777778	13.4167777777778
48600.4	29.3	6934	10548	12013	8683	7169	6783	7768	6934	6821	7705	6715	7182	10565	8384	7547	7159	6994	7794	8461	6681	6772	6824	7014	11961	8121	7610	7302	7085	7630	6771	9019	6706	6749	6861	70000	70000	35752	46272	7457	7046	70000	70000	70000	63731	11472	6955	70000	70000	43710	31198	11309	13.500111111111112	13.5001111111111
48900.4	29.4	7006	10797	11991	8478	7235	6766	7724	6962	6731	7661	6872	7188	10556	8555	7630	7167	6815	8043	8132	6586	6770	6817	7105	11835	8058	7432	7212	7018	7449	6780	8880	6689	6577	6959	70000	70000	35438	45625	7347	7259	70000	70000	70000	64291	11663	6923	70000	70000	43391	31207	11356	13.583444444444444	13.5834444444444
49200.4	29.2	7046	10780	12321	8652	7174	6646	7836	6985	6762	7568	6665	7156	10548	8509	7508	7203	6956	7915	8204	6765	6821	6780	7136	11778	7994	7547	7103	7040	7487	6773	9004	6564	6788	7126	70000	70000	35706	45522	7335	7148	70000	70000	70000	70000	11537	6835	70000	70000	43351	31277	11248	13.666777777777778	13.6667777777778
49500.4	29.2	6883	10616	12113	8526	7016	6828	7589	7020	6627	7586	6891	7067	10536	8320	7522	7175	6910	7786	8138	6567	6813	6900	7147	11847	7991	7449	7279	6983	7631	6803	9081	6694	6742	7098	70000	70000	35566	45768	7283	7161	70000	70000	70000	70000	11434	6699	70000	70000	43811	31315	11134	13.750111111111112	13.7501111111111
49800.4	29.4	6797	10775	11881	8590	6998	6858	7712	6817	6646	7462	6888	7102	10312	8372	7539	7012	6866	7849	8166	6733	6753	6655	7172	11992	8101	7330	7248	7054	7692	6854	9053	6556	6797	6880	70000	70000	35676	46077	7197	7068	70000	70000	70000	63845	11449	6547	70000	70000	43385	31055	11390	13.833444444444444	13.8334444444444
50100.4	29.2	6802	10769	12054	8502	7028	6825	7763	6918	6765	7492	6735	7085	10305	8666	7521	7078	6882	7685	8247	6663	6864	6808	7103	11721	7890	7546	7061	7011	7406	6819	8863	6618	6679	6984	70000	70000	35738	45199	7444	6973	70000	70000	70000	63380	11420	6760	70000	70000	43943	30956	11242	13.916777777777778	13.9167777777778
50400.4	29.1	6909	10677	12247	8427	6970	6662	7800	6967	6663	7738	6671	7214	10389	8539	7593	7140	6820	7762	8362	6767	6740	6830	6967	11687	7877	7598	7289	6946	7392	6862	8879	6567	6761	6965	70000	70000	36365	44957	7411	7194	70000	70000	70000	63163	11604	6926	70000	70000	39201	31348	10934	14.000111111111112	14.0001111111111
50700.4	29.1	6868	10725	12017	8414	7116	6772	7716	6851	6747	7636	6670	7175	10596	8279	7498	7196	6845	7694	8333	6637	6826	6758	7123	12000	8025	7382	7123	6980	7532	6746	8888	6725	6715	6962	70000	70000	35776	45095	7402	7297	70000	70000	70000	63215	11358	6733	70000	70000	38461	30994	10907	14.083444444444444	14.0834444444444
51000.4	29.2	6764	10480	12110	8509	7125	6836	7500	6813	6688	7673	6750	7091	10502	8435	7631	7057	6860	7832	8258	6494	6749	6859	6928	11855	7796	7503	7132	6962	7521	6731	8909	6693	6699	7039	70000	70000	35914	44970	7453	7257	70000	70000	70000	62996	11267	6704	70000	70000	39372	30842	11121	14.166777777777778	14.1667777777778
51300.4	29.2	6946	10653	12194	8452	7015	6634	7707	6841	6519	7495	6763	7029	10641	8226	7566	7237	6826	7794	8142	6706	6887	6868	6932	11640	8031	7407	7160	7118	7309	6734	9087	6689	6745	6942	70000	70000	35416	44783	7245	7258	70000	70000	70000	62163	11318	6724	70000	70000	38024	30692	10768	14.250111111111112	14.2501111111111
51600.4	29.2	6911	10794	12025	8382	7280	6789	7814	6872	6654	7398	6601	6963	10351	8286	7417	7056	6822	7887	8215	6787	6873	6842	6977	11838	7983	7368	7081	7006	7575	6906	8967	6602	6795	6898	70000	70000	35433	44908	7259	7056	70000	70000	70000	62305	11547	6733	70000	70000	39091	30746	10954	14.333444444444444	14.3334444444444
51900.4	29.3	6898	10731	12002	8685	7041	6804	7803	7036	6610	7852	6585	7176	10425	8324	7559	7012	6981	7821	8208	6747	6802	6870	7115	11742	7773	7413	7267	7114	7764	6770	9008	6576	6862	6931	70000	70000	35755	44989	7347	7150	70000	70000	70000	62319	11461	6857	70000	70000	38811	31049	11178	14.416777777777778	14.4167777777778
52200.4	29.4	6951	10747	11716	8602	6988	6931	7725	7025	6637	7630	6690	6903	10477	8412	7441	7094	6932	7575	8476	6668	6946	6870	6987	11859	7865	7355	7224	7021	7788	6794	8942	6594	6781	6811	70000	70000	35678	44751	7213	7224	70000	70000	70000	62043	11470	6808	70000	70000	39166	31038	10980	14.500111111111112	14.5001111111111
52500.4	29.3	6928	10723	11775	8456	7071	6629	7614	7053	6778	7752	6765	7182	10216	8325	7606	7070	6819	7673	8149	6664	6693	6715	7028	11702	7980	7403	7077	7151	7471	6741	8950	6682	6689	6860	70000	70000	35665	44672	7440	7196	70000	70000	70000	62028	11201	6736	70000	70000	38852	30416	11098	14.583444444444444	14.5834444444444
52800.4	29.3	6891	10683	12098	8499	6970	6838	7691	6847	6558	7623	6720	6988	10626	8415	7488	7023	6882	7633	8256	6662	6614	6858	7068	11769	7935	7587	7066	6955	7611	6878	8969	6617	6743	6940	70000	70000	35507	44615	7175	7104	70000	70000	70000	59000	11497	6775	70000	70000	36845	30897	11292	14.666777777777778	14.6667777777778
53100.4	29.3	6847	10613	11834	8589	6964	6646	7786	6890	6615	7570	6729	7062	10525	8329	7588	6985	6936	7615	8358	6614	6814	6861	7050	11616	7845	7513	7103	6928	7587	6730	9112	6683	6770	6821	70000	70000	35432	44433	7211	7142	70000	70000	70000	58704	11357	6736	70000	70000	37870	30697	10964	14.750111111111112	14.7501111111111
53400.4	29.2	6788	10744	11881	8424	7093	6774	7638	6938	6690	7631	6538	6962	10533	8179	7415	7111	6764	7738	8219	6733	6661	6807	6927	11486	8001	7605	7133	6980	7720	6842	9075	6591	6609	6908	70000	70000	35527	44187	7351	7215	70000	70000	70000	61009	11200	6861	70000	70000	39591	30733	10969	14.833444444444444	14.8334444444444
53700.4	29.4	7025	10701	11732	8407	7202	6768	7602	7002	6558	7705	6752	7220	10409	8376	7494	7081	6833	7633	8230	6716	6734	6786	6943	11540	7838	7453	7136	6962	7718	6832	8980	6533	6678	6892	70000	70000	35552	44531	7345	7132	70000	70000	70000	59474	11276	6764	70000	70000	39155	30418	11060	14.916777777777778	14.9167777777778
54000.4	29.1	6895	10661	11872	8469	7074	6717	7660	6831	6501	7531	6794	6914	10202	8446	7459	7070	6815	7741	8242	6652	6918	6992	7063	11602	7847	7364	7242	6871	7669	6819	9054	6610	6732	6873	70000	70000	34998	44585	7311	7158	70000	70000	70000	56583	11324	6798	70000	70000	38254	30555	10911	15.000111111111112	15.0001111111111
54300.4	29.3	6879	10403	11782	8423	6946	6851	7679	6929	6719	7487	6615	7102	10480	8239	7370	6986	6946	7815	8043	6635	6747	6890	7167	11705	7933	7363	7176	6904	7656	6790	8881	6630	6869	6792	70000	70000	35510	44143	7142	7218	70000	70000	70000	59309	11466	6947	70000	70000	37609	30321	10955	15.083444444444444	15.0834444444444
54600.4	29.2	6886	10635	11595	8322	7128	6811	7608	6880	6613	7518	6801	7002	10308	8254	7424	7013	6721	7636	8309	6660	6782	6713	6955	11620	7923	7536	7127	6995	7728	6819	8896	6716	6643	6810	70000	70000	34885	44078	7118	7114	70000	70000	70000	60243	11353	6777	70000	70000	38825	30466	11086	15.166777777777778	15.1667777777778
54900.4	29.2	6898	10793	11760	8542	7237	6726	7523	6956	6444	7537	6713	6946	10329	8167	7527	7039	6815	7663	8219	6749	6917	6845	6945	11686	7952	7376	7114	6913	7488	6676	8972	6538	6647	6830	70000	70000	34326	44008	7276	7049	70000	70000	70000	60431	11346	6682	70000	70000	39716	30269	11002	15.250111111111112	15.2501111111111
55200.4	29.4	6888	10709	11474	8444	7104	6778	7582	6868	6609	7576	6764	7032	10504	8215	7586	7124	6890	7793	8193	6722	6699	6713	6974	11645	7891	7472	7149	6873	7680	6932	8867	6554	6666	6806	70000	70000	34532	44279	7237	7096	70000	70000	70000	60883	11435	6624	70000	70000	40689	30541	11009	15.333444444444444	15.3334444444444
55500.4	29.3	6833	10456	11779	8485	7037	6625	7600	6927	6570	7371	6541	7033	10484	8387	7306	7067	6990	7640	8158	6698	6832	6677	6943	11707	7874	7396	7011	6943	7660	6770	8687	6595	6689	6864	70000	70000	34616	44035	7232	7188	70000	70000	70000	61579	11301	6809	70000	70000	38304	30194	11156	15.416777777777778	15.4167777777778
55800.4	29.2	6840	10231	11385	8522	6971	6755	7605	6878	6582	7670	6737	7289	10503	8298	7349	7203	6826	7763	8319	6721	6817	6815	7048	11840	7931	7487	7105	6950	7699	6718	8761	6602	6696	6767	70000	70000	34720	44104	7315	7163	70000	70000	70000	62699	11309	6729	70000	70000	38389	30634	10787	15.500111111111112	15.5001111111111
56100.4	29.2	6889	10501	11522	8211	6956	6577	7633	6795	6632	7629	6688	6926	10399	8159	7371	6944	6850	7602	7953	6656	6764	6828	7040	11841	7886	7571	7127	6784	7853	6775	9010	6532	6810	6882	70000	70000	34348	43621	7338	7162	70000	70000	70000	62849	11155	6870	70000	70000	39554	30490	10864	15.583444444444444	15.5834444444444
56400.4	29.3	7044	10410	11537	8351	7011	6678	7694	6910	6622	7503	6692	6932	10261	8237	7463	7090	6898	7545	8066	6680	6847	6832	7192	11759	7845	7424	6909	6939	7628	6794	8852	6582	6705	6905	70000	70000	34507	43638	7285	7141	70000	70000	70000	62445	11072	6753	70000	70000	39057	30139	10651	15.666777777777778	15.6667777777778
56700.5	29.4	6884	10368	11640	8510	7112	6728	7623	6858	6778	7636	6819	6924	10367	8234	7477	6955	6835	7611	8351	6591	6770	6702	7022	11482	8141	7460	7116	6864	7527	6658	9053	6423	6811	7039	70000	70000	34658	43682	7244	7167	70000	70000	70000	62296	11339	6863	70000	70000	39231	30046	10703	15.75013888888889	15.7501388888889
57000.4	29.1	6871	10491	11542	8536	6940	6862	7655	7013	6696	7491	6691	6984	10360	8256	7374	7142	6724	7838	8272	6606	6895	6802	6841	11449	7813	7377	7012	6864	7461	6784	8976	6551	6763	6929	70000	70000	34233	44204	7250	6898	70000	70000	70000	61451	11223	6742	70000	70000	39503	29979	11060	15.833444444444444	15.8334444444444
57300.4	29.2	6892	10646	11586	8439	7025	6912	7814	6899	6589	7429	6481	7058	10493	8282	7358	7041	6679	7729	8277	6715	6812	6675	7010	11347	7981	7522	7071	6954	7527	6670	9073	6609	6826	6828	70000	70000	34620	43187	7297	7153	70000	70000	70000	61745	11213	6874	70000	70000	40771	29708	10890	15.916777777777778	15.9167777777778
57600.5	29.1	6901	10479	11502	8354	7063	6746	7619	6789	6504	7523	6782	7063	10549	8288	7430	7045	6717	7759	8194	6719	6760	6744	6936	11625	7974	7493	7271	6881	7630	6675	8992	6618	6642	6971	70000	70000	34499	43601	7330	7201	70000	70000	70000	61705	11251	6864	70000	70000	41050	29832	10843	16.000138888888888	16.0001388888889
57900.4	29.2	6901	10817	11226	8235	6975	6758	7447	6936	6593	7734	6671	6927	10325	8365	7342	7037	6817	7756	8253	6785	6792	6883	6928	11463	7913	7436	7087	7061	7579	6730	8904	6662	6719	6876	70000	70000	34780	44098	7143	7142	70000	70000	70000	61739	11261	6665	70000	70000	40984	30190	11071	16.083444444444446	16.0834444444444
58200.5	29.1	6879	10575	11421	8395	6980	6686	7601	6847	6558	7563	6770	6904	10368	8449	7303	7090	6814	7598	8336	6777	6738	6719	6923	11338	8021	7355	6901	6902	7593	6691	8938	6786	6681	6814	70000	70000	34338	43545	7325	7125	70000	70000	70000	62246	11176	6793	70000	70000	39965	30077	10939	16.166805555555555	16.1668055555556
58500.5	29.4	6754	10571	11264	8539	7075	6725	7679	6995	6597	7509	6641	7060	10127	8180	7435	6987	6914	7797	8380	6660	6743	6631	6996	11540	7934	7433	7123	6946	7641	6784	8931	6451	6829	6854	70000	70000	34333	43149	7172	7172	70000	70000	70000	61452	11168	6638	70000	70000	39797	30241	10631	16.250138888888888	16.2501388888889
58800.5	29.4	6817	10704	11476	8366	6824	6702	7698	6902	6578	7596	6754	6980	10094	8424	7512	6865	6841	7677	8067	6548	6550	6792	7075	11774	7742	7273	7094	6749	7468	6738	8965	6643	6652	6821	70000	70000	34430	43485	7228	7004	70000	70000	70000	61304	11120	6642	70000	70000	40464	29942	10603	16.333472222222223	16.3334722222222
59100.5	29.3	6883	10592	11281	8417	7088	6905	7427	6893	6664	7452	6618	7146	10326	8328	7392	7154	6870	7749	8175	6778	6641	6706	6965	11451	7853	7258	7246	6872	7422	6871	8715	6542	6693	6742	70000	70000	34279	43449	7149	7203	70000	70000	70000	61775	11023	6785	70000	70000	40853	30109	10769	16.416805555555555	16.4168055555556
59400.5	29.3	6884	10649	11271	8472	7079	6957	7455	6841	6498	7503	6524	7089	10201	8230	7487	6928	6884	7673	8143	6564	6625	6653	7141	11679	7751	7329	7061	6900	7352	6804	8809	6597	6740	6795	70000	70000	34382	43366	7193	7224	70000	70000	70000	62128	11066	6603	70000	70000	40919	30029	10810	16.500138888888888	16.5001388888889
59700.5	29.1	6967	10564	11389	8505	6974	6680	7717	6984	6507	7504	6748	7259	10285	8420	7589	7000	6928	7710	8248	6637	6697	6701	6937	11710	7872	7419	7079	6956	7508	6876	8865	6664	6756	6987	70000	70000	33901	43287	7288	7080	70000	70000	70000	62553	11270	6671	70000	70000	41450	30248	10746	16.583472222222223	16.5834722222222
60000.5	29.2	6802	10600	11505	8518	7005	6822	7635	6886	6614	7428	6681	6914	10311	8214	7421	7126	6897	7894	8113	6601	6918	6820	7059	11461	7989	7574	6999	7039	7544	6734	9012	6512	6860	6863	70000	70000	33806	43632	7246	7194	70000	70000	70000	61224	11194	6761	70000	70000	40594	30229	10907	16.666805555555555	16.6668055555556
60300.5	29.2	6929	10420	11299	8399	7018	6738	7688	6864	6554	7580	6696	7016	10229	8214	7366	7028	6772	7712	8158	6634	6816	6731	6957	11347	7948	7519	7018	6925	7468	6758	8866	6676	6708	6975	70000	70000	33750	43953	7241	7190	70000	70000	70000	61331	11095	6753	70000	70000	39030	29734	10776	16.750138888888888	16.7501388888889
60600.5	29.3	6827	10589	10937	8523	6935	6817	7746	6880	6640	7357	6644	7019	10043	8381	7388	6943	6838	7746	8281	6634	6799	6808	6971	11402	7728	7436	6979	6980	7551	6861	8956	6731	6777	6827	70000	70000	33853	43555	7174	7133	70000	70000	70000	60725	11081	6764	70000	70000	40402	29879	10816	16.833472222222223	16.8334722222222
60900.5	29.3	6836	10591	11454	8319	7162	6699	7582	6957	6653	7653	6726	6957	10486	8198	7386	7126	6689	7805	8151	6603	6748	6762	7056	11383	7929	7411	7010	6980	7568	6923	8965	6643	6745	6907	70000	70000	33412	43262	7133	7078	70000	70000	70000	58810	11070	6870	70000	70000	40844	30064	10855	16.916805555555555	16.9168055555556
61200.5	29.3	6846	10552	11486	8326	7053	6832	7594	6949	6462	7474	6703	7012	10481	8374	7621	7029	6901	7750	8196	6680	6682	6903	6949	11669	7854	7288	7074	6893	7518	6803	8900	6690	6602	6969	70000	70000	33590	42973	7302	7088	70000	70000	70000	55783	11027	6839	70000	70000	41339	30411	10678	17.000138888888888	17.0001388888889
61500.5	29.2	6783	10632	11163	8562	7137	6773	7745	6903	6526	7584	6909	7206	10470	8263	7433	7006	6854	7770	8202	6732	6752	6708	7071	11487	7674	7277	7134	6874	7581	6869	9103	6617	6836	6973	70000	70000	33839	42794	7272	7279	70000	70000	70000	56172	11287	6697	70000	70000	40813	30085	10701	17.083472222222223	17.0834722222222
61800.5	29.5	6900	10597	11295	8476	7154	6926	7764	6861	6492	7530	6912	6989	10484	8225	7472	7068	6866	7686	8170	6737	6776	6857	6929	11451	7729	7487	7198	6915	7573	6859	8815	6479	6677	6952	70000	70000	33729	42941	7305	7189	70000	70000	70000	55234	11035	6667	70000	70000	39352	29749	10606	17.16680555555556	17.1668055555556
62100.5	29.5	7028	10417	11194	8463	6986	6864	7517	6914	6606	7598	6759	7088	10443	8405	7507	6996	6851	7858	8401	6587	6814	6805	6949	11662	7811	7396	7032	6932	7500	6847	8884	6716	6689	6943	70000	70000	34000	42818	7347	7127	70000	70000	70000	60026	11109	6644	70000	70000	39867	30044	10681	17.25013888888889	17.2501388888889
62400.5	29.1	6829	10290	11060	8554	6931	6814	7645	7017	6617	7324	6728	7060	10226	8475	7371	7129	6953	7705	8162	6711	6807	6782	7059	11243	7851	7454	6995	7111	7600	6857	8754	6657	6718	7037	70000	70000	33827	42277	7315	7173	70000	70000	70000	61664	11255	6873	70000	70000	39404	29595	10770	17.333472222222223	17.3334722222222
62700.5	29.2	6852	10399	10873	8618	7090	6902	7605	6902	6633	7588	6816	6913	10408	8318	7599	6914	6840	7801	8341	6740	6646	6799	7000	11648	7919	7398	7075	6960	7492	6838	8977	6694	6617	6959	70000	70000	33805	43505	7268	7123	70000	70000	70000	61355	11229	6834	70000	70000	38071	29924	10720	17.41680555555556	17.4168055555556
63000.5	29.3	6983	10449	10745	8643	6964	6787	7831	6881	6667	7540	6761	7150	10456	8269	7454	7158	6872	7791	8271	6774	6760	6868	6869	11681	8030	7359	7162	6941	7551	6751	9079	6636	6742	6939	70000	70000	33502	42809	7186	7149	70000	70000	70000	60840	11336	6636	70000	70000	37640	29481	10710	17.50013888888889	17.5001388888889
63300.5	29.2	6897	10384	11029	8489	7179	6947	7683	6920	6595	7481	6694	7064	10339	8364	7511	7007	6936	7806	8249	6656	6873	6957	6955	11602	7969	7337	7091	6919	7514	6805	8941	6663	6672	6960	70000	70000	34039	43038	7356	7006	70000	70000	70000	59382	10901	6903	70000	70000	39383	30262	10852	17.583472222222223	17.5834722222222
63600.5	29.4	6829	10534	11233	8379	7008	6873	7482	6890	6591	7509	6827	7046	10537	8189	7468	7049	6976	7781	8305	6689	6799	6908	7098	11367	8074	7335	7172	6872	7443	6781	9075	6539	6542	6947	70000	70000	33373	43090	7218	7076	70000	70000	70000	57686	11171	6773	70000	70000	40969	29886	10712	17.66680555555556	17.6668055555556
63900.5	29.1	6925	10444	10928	8507	7095	6746	7857	6959	6625	7558	6553	7006	10416	8230	7449	7062	6916	7702	8290	6823	6789	6839	6932	11662	7857	7374	7072	7076	7539	6849	9026	6640	6738	6941	70000	70000	33713	42738	7432	7159	70000	70000	70000	58715	10961	6828	70000	70000	40266	30005	10627	17.75013888888889	17.7501388888889
64200.5	29.3	6909	10702	10839	8445	7005	6784	7710	7013	6681	7620	6663	7095	10529	8240	7580	6976	6861	7847	8250	6679	6742	6779	6973	11883	7824	7492	6974	6957	7510	6849	9105	6726	6847	6856	70000	70000	33466	42628	7194	7091	70000	70000	70000	58840	11194	6725	70000	70000	40552	29561	10683	17.833472222222223	17.8334722222222
64500.5	29.1	6966	10633	10799	8601	7033	6828	7750	6955	6609	7457	6867	7063	10635	8331	7298	7091	6846	7773	8383	6652	6847	6827	6950	11428	7699	7531	7041	6972	7557	6685	8945	6604	6878	6831	70000	70000	33666	42690	7358	7315	70000	70000	70000	58953	10879	6695	70000	70000	40761	29452	10484	17.91680555555556	17.9168055555556
64800.5	29.3	6952	10716	10794	8427	7038	6915	7631	6979	6669	7599	6789	7045	10680	8380	7430	6972	6767	7859	8154	6539	6799	6820	6941	11636	7750	7514	7090	6985	7592	6741	8984	6630	6650	6764	70000	70000	33622	42324	7286	7087	70000	70000	70000	59899	11150	6708	70000	70000	40743	29787	10803	18.00013888888889	18.0001388888889
65100.5	29.1	6919	10512	10967	8323	6966	6851	7642	6963	6641	7483	6692	7131	10369	8471	7321	6953	7039	7619	8292	6763	6887	6701	7103	11623	7890	7569	7159	7064	7561	6901	9096	6537	6713	6932	70000	70000	33274	42771	7270	7102	70000	70000	70000	60160	11009	6778	70000	70000	40054	29944	10545	18.083472222222223	18.0834722222222
65400.5	29.3	6929	10553	10783	8273	7045	6720	7833	6836	6756	7701	6893	7010	10218	8275	7491	7099	6840	7793	8489	6664	6840	6844	6985	11542	7955	7383	7128	6959	7509	6708	9149	6744	6822	7089	70000	70000	33252	42550	7444	7146	70000	70000	70000	60801	11111	6858	70000	70000	40369	29507	10723	18.16680555555556	18.1668055555556
65700.5	29.2	6914	10669	10821	8522	7055	6791	7875	6837	6680	7899	6713	7041	10437	8256	7501	7152	6892	7691	8244	6704	6744	6698	6923	11623	7889	7309	7143	7019	7513	6788	9110	6717	6589	6831	70000	70000	33433	42640	7281	7190	70000	70000	70000	60720	10907	6802	70000	70000	40176	29508	10724	18.25013888888889	18.2501388888889
66000.5	29.5	6883	10606	10948	8301	7184	6778	7640	7043	6592	7528	6642	6926	10506	8325	7515	7063	6929	7840	8210	6731	6725	6772	7019	11584	7902	7454	7040	6868	7621	6712	9036	6618	6798	6835	70000	70000	33221	42050	7144	7078	70000	70000	70000	60861	10955	6859	70000	70000	38536	29578	10591	18.333472222222223	18.3334722222222
66300.5	29.3	6731	10759	10897	8459	7089	6814	7472	6938	6632	7610	6730	7197	10678	8190	7409	7150	6793	7786	8147	6717	6738	6791	6993	11804	7797	7370	7183	6783	7666	6854	8841	6670	6721	7038	70000	70000	33869	42276	7152	7085	70000	70000	70000	60214	10952	6698	70000	70000	38436	29586	10601	18.41680555555556	18.4168055555556
66600.5	29	6877	10501	11060	8467	7143	6797	7570	6793	6503	7573	6674	7215	10547	8153	7331	7030	6762	7494	8304	6692	6766	6666	7046	11921	7776	7448	7164	6930	7495	6742	8948	6624	6652	6958	70000	70000	33449	42194	7295	7123	70000	70000	70000	60183	10925	6704	70000	70000	39385	29599	10453	18.50013888888889	18.5001388888889
66900.5	29.4	6806	10576	11339	8345	6989	6743	7698	6800	6749	7564	6608	6945	10336	8164	7376	6938	7049	7778	8119	6708	6661	6663	7022	11518	7889	7432	6868	6882	7688	6768	8856	6739	6718	6980	70000	70000	33475	42530	7335	7162	70000	70000	70000	60292	10816	6623	70000	70000	39950	29600	10565	18.583472222222223	18.5834722222222
67200.5	29.2	6897	10708	11127	8455	7053	6833	7594	6855	6653	7692	6688	6978	10666	8059	7387	7070	6743	7585	8183	6603	6565	6760	7036	11730	7761	7427	7149	6823	7617	6817	9128	6632	6703	6886	70000	70000	33939	42061	7249	7177	70000	70000	70000	58934	10720	6701	70000	70000	40260	29389	10494	18.66680555555556	18.6668055555556
67500.5	29.3	6852	10621	11091	8420	7110	6663	7656	6858	6692	7488	6717	6910	10611	8082	7370	7067	6729	7702	8353	6653	6633	6925	7012	11423	7826	7370	6955	6987	7534	6649	9006	6543	6826	6895	70000	70000	33471	42174	7416	7157	70000	70000	70000	59132	10949	6667	70000	70000	40384	29981	10778	18.75013888888889	18.7501388888889
67800.5	29.2	6698	10365	11232	8418	6975	7015	7737	6830	6557	7715	6664	7202	10312	8179	7295	7072	6624	7666	8118	6596	6665	6747	6637	11622	7830	7343	6999	6855	7574	6661	8751	6640	6632	6923	70000	70000	33731	41646	7105	7012	70000	70000	70000	59091	11028	6696	70000	70000	38668	29233	10625	18.833472222222223	18.8334722222222
68100.5	29.2	6936	10416	11416	8436	7024	6960	7535	6887	6720	7465	6792	6948	10472	8369	7428	6976	6930	7597	8166	6616	6700	6747	6818	11520	7629	7404	7104	6793	7433	6635	8959	6651	6722	6919	70000	70000	33234	41230	7149	7224	70000	70000	70000	58940	10866	6787	70000	70000	38134	29710	10371	18.91680555555556	18.9168055555556
68400.5	29.3	6788	10429	11203	8410	7008	6749	7665	6902	6655	7578	6632	7087	10199	8125	7276	7053	6972	7681	8004	6800	6660	6622	6959	11596	7763	7202	7006	6840	7417	6804	9016	6742	6705	6931	70000	70000	32903	41875	7243	7023	70000	70000	70000	59843	10884	6599	70000	70000	38795	29325	10411	19.00013888888889	19.0001388888889
68700.5	29.4	6738	10454	11266	8386	6797	6758	7653	6823	6468	7773	6727	6877	10538	8114	7429	7035	6881	7672	8219	6768	6693	6811	6860	11188	7650	7316	7018	6999	7687	6763	8715	6517	6735	6880	70000	70000	33254	41570	7364	7242	70000	70000	70000	59644	10976	6757	70000	70000	39604	29275	10427	19.083472222222223	19.0834722222222
69000.5	29	6728	10569	11015	8183	6926	6741	7619	6714	6335	7517	6672	7032	10621	8251	7338	6960	6777	7670	8170	6633	6685	6688	7064	11169	7697	7485	7007	6871	7469	6686	8952	6677	6808	7036	70000	70000	32832	41648	7306	7218	70000	70000	70000	60239	10639	6761	70000	70000	39788	29247	10373	19.16680555555556	19.1668055555556
69300.5	29.4	6758	10613	11297	8183	7064	6884	7751	6847	6558	7482	6781	7031	10517	8233	7457	7004	6886	7676	8137	6581	6748	6716	6888	11185	7699	7354	6852	6952	7661	6763	8826	6644	6725	7012	70000	70000	33188	41227	7249	7095	70000	70000	70000	59928	10873	6727	70000	70000	40321	29120	10318	19.25013888888889	19.2501388888889
69600.5	29.3	6952	10606	11273	8317	6866	6773	7772	7010	6583	7594	6799	7025	10523	8177	7315	7123	6730	7694	8198	6645	6777	6794	6898	11542	7801	7376	6986	6719	7372	6783	8944	6918	6769	6874	70000	70000	33272	41929	7318	6914	70000	70000	70000	59955	10695	6780	70000	70000	38333	29377	10295	19.333472222222223	19.3334722222222
69900.5	29.2	6843	10345	11315	8252	6981	6848	7639	6826	6561	7466	6613	6930	10362	8073	7465	6823	6805	7484	8237	6520	6739	6687	6900	11210	7769	7270	7058	6768	7513	6748	9000	6610	6559	7174	70000	70000	32430	41847	7207	7165	70000	70000	70000	58684	10924	6785	70000	70000	38297	29756	10270	19.41680555555556	19.4168055555556
70200.5	29.2	6911	10427	11245	8368	6902	6579	7727	6921	6626	7564	6512	6892	10329	8152	7333	6950	6727	7677	8233	6616	6635	6557	6840	11504	7741	7302	7028	6900	7667	6859	8736	6638	6718	6843	70000	70000	32854	41443	7180	7105	70000	70000	70000	57377	10738	6576	70000	70000	38770	29415	10308	19.50013888888889	19.5001388888889
70500.5	29.2	6876	10399	11152	8321	6853	6717	7657	6706	6434	7636	6675	6829	10184	8262	7325	7017	6768	7457	8287	6645	6577	6592	6955	11445	7783	7287	7102	6919	7514	6704	8835	6540	6733	7034	70000	70000	32825	41569	7274	6937	70000	70000	70000	57665	10671	6794	70000	70000	38950	28999	10389	19.583472222222223	19.5834722222222
70800.5	29.1	6782	10360	11347	8338	6859	6789	7485	6786	6510	7731	6634	7051	10549	7990	7319	6924	6907	7515	8152	6779	6634	6724	6722	11684	7807	7228	6822	6803	7395	6765	8983	6605	6632	6740	70000	70000	33043	41613	7214	7037	70000	70000	70000	58099	10676	6576	70000	70000	39380	29208	10372	19.66680555555556	19.6668055555556
71100.5	29.4	6929	10389	11455	8241	6876	6780	7756	6852	6606	7508	6618	7049	10409	8086	7241	6938	6808	7611	8265	6576	6724	6751	6841	11459	7720	7257	6992	6829	7321	6894	8830	6608	6616	6742	70000	70000	32666	41151	7284	7172	70000	70000	70000	58370	10843	6715	70000	70000	38707	28992	10183	19.75013888888889	19.7501388888889
71400.5	29.4	6910	10370	11427	8256	6897	6720	7620	6826	6472	7495	6681	7017	10325	8191	7462	6967	6734	7673	8118	6649	6722	6723	6894	11613	7855	7277	6929	6998	7430	6847	8880	6535	6687	6853	70000	70000	33269	40860	7292	7171	70000	70000	70000	57963	10845	6662	70000	70000	38607	29210	10299	19.833472222222223	19.8334722222222
71700.6	29.1	6792	10512	11407	8396	7042	6778	7552	6911	6470	7544	6675	7004	10353	8016	7373	6898	6766	7567	8072	6724	6746	6678	6922	11445	7607	7337	7092	6948	7565	6615	8867	6638	6769	6917	70000	70000	32917	40595	7031	6894	70000	70000	70000	58924	10795	6759	70000	70000	38687	29315	10082	19.916833333333333	19.9168333333333
72000.6	29.5	6728	10369	11465	8403	6822	6819	7559	6857	6637	7533	6603	7047	10450	8062	7405	6929	6744	7704	8175	6586	6457	6832	6804	11476	7702	7208	7008	6923	7450	6671	8821	6480	6407	6857	70000	70000	32825	40266	7144	7169	70000	70000	70000	58511	10772	6838	70000	70000	38623	29145	10070	20.000166666666665	20.0001666666667
72300.6	29.3	6607	10512	11230	8257	6945	6801	7515	6716	6462	7474	6685	6988	10404	8084	7366	6943	6794	7697	8184	6738	6729	6757	6922	11462	7924	7184	6950	6941	7468	6836	8718	6510	6564	6876	70000	70000	32641	39841	7212	7088	70000	70000	70000	58097	10527	6624	70000	70000	38680	29236	10381	20.0835	20.0835
72600.6	29.4	6725	10325	11239	8303	7055	6944	7577	6817	6632	7529	6661	7022	10137	7942	7436	7052	6768	7663	8347	6472	6764	6704	6888	11377	7752	7264	6955	6809	7455	6814	8779	6568	6705	6821	70000	70000	32794	40421	7294	7054	70000	70000	70000	58160	10752	6686	70000	70000	38707	29280	10321	20.166833333333333	20.1668333333333
72900.6	29.1	6702	10223	11474	8482	6909	6902	7571	6931	6612	7526	6702	6906	10107	8019	7305	6999	6897	7612	8140	6613	6619	6685	6702	11270	7760	7502	7028	6790	7386	6697	8999	6665	6710	6826	70000	70000	32681	40171	7074	7162	70000	70000	70000	58469	10775	6512	70000	70000	38561	29223	10346	20.250166666666665	20.2501666666667
73200.6	29.2	6683	10461	11286	8447	6867	6610	7632	6849	6668	7708	6723	7014	10181	7908	7531	7020	6734	7696	8256	6640	6725	6928	6868	11582	7656	7234	6961	6897	7320	6697	8812	6507	6697	6836	70000	70000	32668	40396	7245	6966	70000	70000	70000	58713	10779	6761	70000	70000	38484	29348	10225	20.3335	20.3335
73500.6	29.2	6825	10489	11077	8255	6834	6699	7513	6692	6583	7442	6713	6974	10203	7947	7290	6852	6822	7753	8152	6733	6712	6790	6924	11480	7554	7390	7077	6950	7391	6899	8817	6504	6769	6678	70000	70000	32396	40209	7172	7087	70000	70000	70000	58444	10693	6641	70000	70000	38907	28897	10211	20.416833333333333	20.4168333333333
73800.6	29	6808	9994	11236	8369	7000	6794	7719	6870	6530	7525	6750	7038	10019	8073	7222	6917	6731	7663	8226	6608	6799	6455	7009	11220	7906	7220	6880	6895	7443	6578	8856	6573	6592	6834	70000	70000	32768	39857	7328	7021	70000	70000	70000	59005	10802	6588	70000	70000	38838	28695	10233	20.500166666666665	20.5001666666667
74100.6	29.1	6822	10437	11217	8266	6912	6674	7634	6827	6496	7418	6764	6857	10144	8176	7386	6877	6623	7669	8095	6762	6678	6730	7022	11381	7466	7342	7096	6955	7440	6799	8813	6819	6744	6798	70000	70000	32304	40147	7198	6960	70000	70000	70000	57996	10801	6600	70000	70000	38592	29266	10145	20.5835	20.5835
74400.6	29.2	6854	10287	11407	8242	6962	6772	7573	6614	6609	7450	6537	6955	10191	8176	7286	6910	6770	7553	8126	6632	6671	6800	6907	11267	7488	7272	6957	6906	7350	6800	8954	6544	6581	6871	70000	70000	32027	40001	7201	7076	70000	70000	70000	58973	10688	6618	70000	70000	38524	29406	10298	20.666833333333333	20.6668333333333
74700.6	29.1	6813	10200	11388	8285	6840	6679	7553	6938	6429	7514	6714	6982	10292	7983	7400	7066	6732	7611	8128	6630	6685	6637	6802	11452	7953	7331	7106	6861	7353	6746	8797	6713	6588	6780	70000	70000	32316	40064	7252	6979	70000	70000	70000	58908	10613	6891	70000	70000	38502	28938	10112	20.750166666666665	20.7501666666667
75000.6	29.3	6715	10231	11326	8178	6930	6666	7544	6816	6616	7499	6653	6934	10477	8079	7284	6791	6883	7565	8157	6656	6612	6660	6880	11538	7886	7301	7075	6760	7436	6779	8830	6499	6709	7040	70000	70000	32117	40246	7243	7102	70000	70000	70000	58272	10832	6651	70000	70000	37537	29088	10309	20.8335	20.8335
75300.6	29.4	6739	10150	11468	8294	7093	6757	7537	6877	6583	7457	6653	6811	10186	7982	7415	6797	6782	7660	7994	6462	6644	6811	6892	11507	7721	7328	7005	6836	7266	6750	8784	6570	6729	6766	70000	70000	32001	39721	7160	6911	70000	70000	70000	58098	10541	6713	70000	70000	37383	28996	10203	20.916833333333333	20.9168333333333
75600.6	29	6681	10192	11498	8176	7115	6658	7553	6838	6478	7470	6562	7034	10210	7835	7340	6809	6770	7501	8245	6632	6787	6708	6838	11356	7649	7108	6999	6915	7518	6615	8854	6515	6555	6877	70000	70000	32089	39340	7276	7177	70000	70000	70000	58889	10687	6809	70000	70000	37362	28833	10278	21.000166666666665	21.0001666666667
75900.6	29.5	6814	10184	11386	8051	6841	6658	7690	6886	6580	7356	6616	7029	10310	7974	7237	6848	6660	7475	8158	6638	6714	6678	6824	11010	7750	7210	6873	6740	7406	6571	8873	6467	6721	6716	70000	70000	31799	39336	7147	6996	70000	70000	70000	58684	10749	6672	70000	70000	37381	29032	10297	21.0835	21.0835
76200.6	29.4	6764	10397	11239	8237	7029	6701	7563	6800	6524	7568	6484	6887	10318	7839	7369	6927	6826	7631	7996	6676	6673	6770	6795	11346	7770	7284	7044	7010	7466	6708	8793	6580	6594	6764	70000	70000	32256	39288	7148	6988	70000	70000	70000	58237	10689	6618	70000	70000	37435	29077	10237	21.166833333333333	21.1668333333333
76500.6	29.3	6794	10234	11497	8309	6860	6726	7549	6871	6559	7465	6647	6959	10273	8074	7327	6906	6791	7563	8175	6520	6605	6652	6754	11488	7663	7162	6991	6890	7517	6819	8849	6590	6728	6887	70000	70000	32019	39368	7305	7073	70000	70000	70000	59150	10706	6656	70000	70000	37427	28763	10368	21.250166666666665	21.2501666666667
76800.6	29.2	6806	10250	11502	8288	6938	6621	7685	6675	6523	7444	6538	7057	10243	8281	7340	6847	6826	7634	8179	6597	6811	6793	6838	11334	7657	7156	7122	6982	7559	6669	8859	6607	6603	6912	70000	70000	31834	39620	7190	7139	70000	70000	70000	58764	10608	6594	70000	70000	37552	28801	10071	21.3335	21.3335
77100.6	29.4	6783	10282	11441	8217	6872	6630	7511	6644	6595	7345	6773	7073	10310	8232	7376	6830	6808	7647	8104	6662	6728	6590	6800	11233	7708	7299	6874	6943	7251	6712	8962	6667	6481	6927	70000	70000	32304	39230	7079	7139	70000	70000	70000	58673	10629	6798	70000	70000	36730	28631	10252	21.416833333333333	21.4168333333333
77400.6	29.4	7016	10169	11689	8469	6919	6630	7665	6825	6433	7419	6657	6850	10359	8270	7369	6902	6704	7630	8309	6787	6871	6818	6853	11199	7644	7160	6898	6947	7591	6721	8751	6462	6726	7001	70000	70000	31413	39143	7225	7116	70000	70000	70000	58933	10607	6678	70000	70000	37234	29061	10230	21.500166666666665	21.5001666666667
77700.6	29.4	6728	10329	11603	8233	6957	6836	7630	6956	6587	7625	6760	6961	10223	7896	7394	7026	6655	7626	8132	6572	6715	6710	6968	11150	7828	7120	7069	6852	7499	6675	8934	6619	6684	6758	70000	70000	31652	39767	7310	7028	70000	70000	70000	58215	10636	6656	70000	70000	37428	28612	10167	21.5835	21.5835
78000.6	29.3	6911	10224	11417	8282	6988	6693	7590	6960	6355	7512	6671	6973	10475	8110	7144	6906	6776	7662	8168	6645	6615	6840	6871	11167	7823	7387	7010	6912	7545	6723	8825	6585	6569	6894	70000	70000	30850	39813	7062	6975	70000	70000	70000	57944	10779	6682	70000	70000	37157	28817	10229	21.666833333333333	21.6668333333333
