Time [s]	Temp. [ C]	B1	B2	B3	B4	B5	B8	B9	C1	C2	C3	C4	C5	C8	C9	D1	D2	D3	D4	D5	D8	D9	E1	E2	E3	E4	E5	E8	E9	F1	F2	F3	F4	F5	F8	F9	G1	G2	G3	G4	G5	G8	Time_hs	Time
    0	   26	 9294	13984	11699	31602	17539	47047	19218	 8851	13655	10727	28104	27496	43668	30434	 8937	14820	11174	31838	23028	49491	21490	 8771	10150	 9593	14210	11136	22621	11272	 8650	 9222	 9750	14022	11504	13102	11741	 8595	10267	 9700	13095	10935	21171	0	0
  300.0	   29.1	 8345.0	14047.0	10487.0	31760.0	21255.0	50629.0	18958.0	 7992.0	13760.0	10156.0	28461.0	30150.0	41370.0	36120.0	 8212.0	18559.0	10853.0	32570.0	25903.0	41017.0	19953.0	 7826.0	 9314.0	 9568.0	16117.0	10374.0	23312.0	 9766.0	 8192.0	 9248.0	 9087.0	13407.0	10978.0	12548.0	16723.0	 7698.0	 9608.0	 9138.0	12990.0	 9970.0	21884.0	0.08333333333333333	0.0833333333333333
  600.0	   29.2	 7807.0	13106.0	 9810.0	36120.0	26057.0	55837.0	18962.0	 7677.0	12944.0	 9647.0	32103.0	33982.0	41702.0	37245.0	 7968.0	22108.0	10270.0	36905.0	28949.0	35844.0	18745.0	 7624.0	 8862.0	 9175.0	19192.0	10659.0	22918.0	 9307.0	 7672.0	 8629.0	 8617.0	14183.0	11051.0	12328.0	25852.0	 7478.0	 9032.0	 8594.0	13919.0	10093.0	21032.0	0.16666666666666666	0.166666666666667
  900.0	   29.2	 7522.0	12550.0	 9472.0	42201.0	31514.0	60973.0	18713.0	 7541.0	12778.0	 9501.0	36474.0	38243.0	41340.0	34867.0	 7722.0	22599.0	10004.0	42910.0	32433.0	34197.0	18041.0	 7373.0	 8931.0	 8818.0	21402.0	11852.0	23882.0	 8980.0	 7572.0	 8303.0	 8426.0	15335.0	11212.0	12540.0	18862.0	 7329.0	 9073.0	 8086.0	15005.0	10126.0	20516.0	0.25	0.25
1200	29.1	7452	12032	9259	49638	37652	OVER	19013	7512	12669	8995	41845	42997	41287	34724	7469	23167	9511	48963	36251	33912	18171	7286	8459	8456	23858	12680	23864	9172	7262	8338	8535	16396	11585	12587	13683	7414	8840	8071	16059	10176	20468	0.3333333333333333	0.333333333333333
1500	29	7422	12898	9120	56240	42189	OVER	19593	7217	12198	9133	47034	47044	41531	33775	7088	22309	9447	55091	39824	35269	18202	7125	8229	8420	25649	13691	23835	8802	7111	8069	8048	17434	11946	12976	24241	7086	8728	7896	16372	10563	20774	0.4166666666666667	0.416666666666667
1800	29.3	7357	14090	8957	OVER	46400	OVER	20302	7263	12267	9186	53307	50844	42637	34014	7264	21442	9308	61061	42497	36594	18621	7125	8286	8366	27341	13950	24044	8824	7130	8203	7955	18198	12524	13517	25038	7034	8588	8001	17487	10847	20369	0.5	0.5
2100	29.2	7287	15388	9034	OVER	50186	OVER	20886	7172	12867	9012	58896	54123	44059	33967	7193	20514	9225	OVER	44996	38043	18899	7136	8149	8017	28844	14106	23700	8570	7142	7942	7753	19426	13104	13968	23231	7031	8611	7856	18620	11341	20424	0.5833333333333334	0.583333333333333
2400	29.3	7276	16350	9023	OVER	52493	OVER	22386	7257	13287	8916	63714	57094	45803	33698	7177	20180	9268	OVER	48267	40110	19088	6927	8035	8244	30432	14624	23972	8769	7054	8022	7753	20060	13501	14124	24530	7193	8700	7928	19201	11607	20380	0.6666666666666666	0.666666666666667
2700	29.2	7355	16343	9163	OVER	56138	OVER	23412	7026	13831	8721	OVER	59431	46863	34139	7083	20171	9137	OVER	50004	40626	19738	6945	8098	7972	31285	14869	23932	8587	6966	7996	7775	20577	13744	14424	24474	7132	8507	7789	19426	11977	20667	0.75	0.75
3000	29.2	7221	16543	8959	OVER	58729	OVER	24017	7186	13892	8763	OVER	60991	48843	34762	7232	19577	8918	OVER	52077	42444	19977	6993	8045	7762	32646	15241	24020	8697	6925	8041	7587	22316	13738	14419	22266	6876	8714	7749	19987	12097	20959	0.8333333333333334	0.833333333333333
3300	29.2	7181	16727	9076	OVER	60642	OVER	25468	7171	13480	8753	OVER	64055	49787	35120	7104	19431	9131	OVER	55299	44888	20616	6886	8048	7998	33161	15649	24708	8668	7098	7917	7756	22395	13452	14620	26538	7047	8584	7621	20861	12177	21063	0.9166666666666666	0.916666666666667
3600	29.3	7012	16684	8928	OVER	63494	OVER	26458	7124	13865	8684	OVER	OVER	51466	35553	7078	19635	8893	OVER	56792	48023	21271	7065	8057	7815	34392	15861	24217	9004	7006	7865	7491	23723	13873	14717	25314	7148	8646	7528	21268	12581	21565	1	1
3900	29.2	7216	16507	8998	OVER	OVER	OVER	26077	7234	14088	8734	OVER	OVER	53515	35202	7216	19991	9074	OVER	57523	51076	21483	6943	7907	7875	35346	16465	24609	9282	6823	7951	7565	24098	14155	15168	19933	7164	8646	7508	21681	12371	22121	1.0833333333333333	1.08333333333333
4200	29.4	7166	16351	8913	OVER	OVER	OVER	27056	7135	14222	8847	OVER	OVER	54965	36031	7057	19699	8835	OVER	60376	52383	21982	7063	7839	7764	36056	17013	25606	9520	7106	7973	7713	25040	14284	15567	25817	7166	8777	7573	22466	12674	22074	1.1666666666666667	1.16666666666667
4500	29.5	7078	16648	9087	OVER	OVER	OVER	27751	6965	14225	8538	OVER	OVER	57756	36255	7057	20000	9412	OVER	62680	54742	22529	6980	7864	7709	36284	17617	25462	10343	6962	7837	7574	25568	14485	15937	24619	7198	8823	7636	23022	12848	22217	1.25	1.25
4800	29.1	7131	16172	9067	OVER	OVER	OVER	28046	7064	14068	8898	OVER	OVER	59340	36407	6920	20387	9003	OVER	63626	55413	22424	7067	7926	7859	37546	17045	26266	10736	7097	7872	7702	25941	14262	15972	22348	7269	8663	7609	23824	13334	22066	1.3333333333333333	1.33333333333333
5100	29.3	7179	16602	9080	OVER	OVER	OVER	29569	7170	14179	8723	OVER	OVER	62278	37087	7077	20072	9234	OVER	64053	56409	22381	6860	7870	7919	38066	17868	26527	11113	7100	7742	7623	26008	14842	16163	26407	7089	8766	7555	24634	13276	22424	1.4166666666666667	1.41666666666667
5400	29.2	7177	16188	9097	OVER	OVER	OVER	30416	7118	14318	8765	OVER	OVER	OVER	36964	7183	19662	9069	OVER	OVER	55494	23093	6910	7837	7776	38361	18204	26816	11106	6861	7782	7480	26775	15146	16169	23560	7284	8661	7568	24648	13224	22432	1.5	1.5
5700	29.3	7069	16005	9027	OVER	OVER	OVER	30824	7069	14184	8802	OVER	OVER	OVER	37803	6948	19752	8933	OVER	OVER	56761	23341	6751	8137	7817	38984	18218	27112	11395	6859	7956	7695	27140	15357	16815	18990	7180	8657	7508	24943	13406	22442	1.5833333333333333	1.58333333333333
6000	29.1	7182	16344	9002	OVER	OVER	OVER	30716	6989	14331	8728	OVER	OVER	OVER	38221	7030	19921	8890	OVER	OVER	58556	23460	7128	7681	7930	39928	18364	27759	11511	6971	7894	7436	27938	15445	16698	18190	7361	8586	7692	25182	13701	22764	1.6666666666666667	1.66666666666667
6300	29.2	7125	16631	9198	OVER	OVER	OVER	31796	7050	14318	8909	OVER	OVER	OVER	37793	7291	20039	9131	OVER	OVER	58034	23424	6958	7767	7762	40539	18439	27820	11793	7043	7829	7437	28697	15580	16812	21481	6969	8714	7522	26007	13740	22871	1.75	1.75
6600	29.5	7276	15867	9088	OVER	OVER	OVER	31341	7118	14433	8657	OVER	OVER	OVER	38984	7024	19960	8852	OVER	OVER	59734	24281	6820	7696	7712	41127	19010	28424	11867	6881	8005	7690	29368	15659	16957	23748	7052	8634	7605	25931	13827	22978	1.8333333333333333	1.83333333333333
6900	29.4	7232	15688	8986	OVER	OVER	OVER	31835	7116	14215	8684	OVER	OVER	OVER	38313	7060	20083	9125	OVER	OVER	60208	24400	6851	7850	7678	41672	19321	28792	11849	6929	8106	7529	29754	15648	17350	22886	7132	8678	7507	26689	13773	23358	1.9166666666666667	1.91666666666667
7200	29.4	7093	15866	9014	OVER	OVER	OVER	32364	7105	14343	8731	OVER	OVER	OVER	38671	7094	20080	9167	OVER	OVER	60138	24842	6893	7786	7799	42471	19464	28449	12005	6872	7735	7503	30316	15618	17712	24834	7201	8612	7429	27104	13999	23256	2	2
7500	29.3	7087	15748	9160	OVER	OVER	OVER	32569	7011	14212	9002	OVER	OVER	OVER	38384	7181	20193	8968	OVER	OVER	60291	24660	6702	7796	7773	42437	19223	29048	11935	6975	7737	7547	30820	15824	17945	25413	7210	8711	7514	27500	14102	23386	2.0833333333333335	2.08333333333333
7800	29.1	7198	16022	9075	OVER	OVER	OVER	32950	7107	14262	8802	OVER	OVER	OVER	40359	7074	19794	9142	OVER	OVER	60936	24436	7133	7604	7716	43198	19498	28492	12182	7016	7971	7493	31330	16199	17812	24952	7012	8759	7466	27518	14009	23609	2.1666666666666665	2.16666666666667
8100	29.3	7113	16320	9023	OVER	OVER	OVER	32990	7159	14048	8737	OVER	OVER	OVER	39657	7069	20272	8988	OVER	OVER	62053	25543	6735	7822	7540	43336	19152	28558	12307	6956	7958	7610	31695	16359	18003	25845	6969	8661	7437	27959	14005	23324	2.25	2.25
8400	29.3	7072	16102	9066	OVER	OVER	OVER	32850	7116	14218	8664	OVER	OVER	OVER	39745	7001	19919	8825	OVER	OVER	62538	24994	6877	7815	7687	43420	19940	29614	11958	7000	7827	7551	32111	16356	18309	24889	7140	8579	7542	27776	14372	23075	2.3333333333333335	2.33333333333333
8700	29.1	7124	16098	9039	OVER	OVER	OVER	33297	7096	14302	8659	OVER	OVER	OVER	39744	6923	19930	9076	OVER	OVER	62812	25548	6827	8051	7736	44374	19694	29099	12340	6915	7794	7515	32109	16222	18756	23614	7166	8536	7550	28246	14247	23653	2.4166666666666665	2.41666666666667
9000	29.3	7282	16312	8962	OVER	OVER	OVER	33683	7143	14605	8424	OVER	OVER	OVER	40256	7067	19835	8963	OVER	OVER	62714	25703	6898	7850	7652	44612	19819	29051	12082	6936	7791	7543	32895	16306	18378	23689	7246	8471	7596	28871	14504	23467	2.5	2.5
9300	29.3	7039	15902	9166	OVER	OVER	OVER	33251	6975	14699	8597	OVER	OVER	OVER	40571	7055	19752	8998	OVER	OVER	64253	25895	6816	7860	7598	45160	19656	28473	12249	6894	7750	7460	33008	16445	18588	24698	7065	8446	7556	28710	14474	23151	2.5833333333333335	2.58333333333333
9600	29.2	7158	15844	8764	OVER	OVER	OVER	33198	6830	14176	8437	OVER	OVER	OVER	40191	7049	19845	8962	OVER	OVER	OVER	25906	6797	7974	7509	44513	19843	29678	12183	6923	7653	7684	33351	16190	18869	19341	7182	8355	7561	28645	14442	23462	2.6666666666666665	2.66666666666667
9900	29.3	7163	16054	8911	OVER	OVER	OVER	32740	6989	14259	8571	OVER	OVER	OVER	40603	7151	19336	8889	OVER	OVER	OVER	26898	6903	7762	7534	44768	20295	29894	12421	6990	7739	7448	33879	16660	18568	21274	7052	8326	7513	28779	14663	23666	2.75	2.75
10200	29.2	6935	15908	8752	OVER	OVER	OVER	33780	7044	14172	8474	OVER	OVER	OVER	40634	6978	19947	8706	OVER	OVER	OVER	26475	6749	7808	7613	45917	20454	29190	12260	6944	7688	7413	34436	16667	19448	26875	6962	8508	7269	29202	14494	23608	2.8333333333333335	2.83333333333333
10500	29.3	7166	15876	8901	OVER	OVER	OVER	33444	6969	14338	8615	OVER	OVER	OVER	41497	6970	19721	8955	OVER	OVER	OVER	26919	6795	7841	7615	45562	19958	29048	12263	6796	7674	7393	34430	16463	19088	27272	7061	8481	7530	29405	14917	23719	2.9166666666666665	2.91666666666667
10800	29.2	6899	15894	8594	OVER	OVER	OVER	33458	7039	14219	8405	OVER	OVER	OVER	40676	7178	19625	9009	OVER	OVER	OVER	27534	6927	7806	7643	46238	20476	29139	12117	6840	7759	7317	33508	16664	19451	27251	7000	8375	7324	29407	14767	24050	3	3
11100	29.4	7051	15706	8788	OVER	OVER	OVER	33527	6935	14000	8481	OVER	OVER	OVER	41229	7104	19040	8721	OVER	OVER	OVER	27044	6718	7805	7578	45519	19811	29438	12092	7003	7792	7422	34466	16097	18875	27049	7122	8446	7348	29471	14920	23724	3.0833333333333335	3.08333333333333
11400	29.3	7281	16025	8774	OVER	OVER	OVER	34113	7083	13857	8478	OVER	OVER	OVER	40609	7154	19223	8752	OVER	OVER	OVER	27704	6719	7785	7657	45334	20492	29380	12201	6854	7722	7420	35083	16550	19064	26687	7000	8510	7301	29786	14756	23702	3.1666666666666665	3.16666666666667
11700.1	29.2	7105	16101	8850	OVER	OVER	OVER	33945	6943	13500	8455	OVER	OVER	OVER	41156	6982	19581	8669	OVER	OVER	OVER	27353	6747	7722	7579	45424	20045	29718	12312	6984	7713	7464	35601	16568	19181	27734	6860	8482	7235	29701	14965	23412	3.250027777777778	3.25002777777778
12000.1	29.1	7012	15945	8756	OVER	OVER	OVER	34257	7164	13786	8595	OVER	OVER	OVER	41714	7094	19341	8969	OVER	OVER	OVER	27982	6776	7757	7252	46001	20592	29667	12257	6897	7610	7425	35513	16312	19516	25951	7106	8452	7399	29903	14948	23184	3.333361111111111	3.33336111111111
12300.1	29.4	6959	15808	8684	OVER	OVER	OVER	34617	7076	13599	8450	OVER	OVER	OVER	41204	7130	19385	8803	OVER	OVER	OVER	27962	6846	7851	7554	46223	20373	29683	12401	6841	7730	7367	35780	16222	19508	26950	7025	8463	7484	29948	14967	23774	3.4166944444444445	3.41669444444444
12600.1	29	6959	15903	8642	OVER	OVER	OVER	34641	6988	13800	8489	OVER	OVER	OVER	41328	7008	19620	8725	OVER	OVER	OVER	28383	6753	7912	7484	46668	20841	29931	12400	6762	7722	7466	36173	16524	19342	27207	6890	8466	7368	30509	15127	23734	3.500027777777778	3.50002777777778
12900.1	29.3	6949	15828	8698	OVER	OVER	OVER	34346	6899	13990	8282	OVER	OVER	OVER	42131	7140	19474	8675	OVER	OVER	OVER	28068	6695	7738	7525	46885	20082	30421	12321	6942	7448	7188	36424	16705	19541	27221	7131	8369	7267	30257	15111	23497	3.583361111111111	3.58336111111111
13200.1	29.2	6944	16059	8676	OVER	OVER	OVER	34068	7002	14011	8340	OVER	OVER	OVER	42242	7067	19523	8588	OVER	OVER	OVER	28491	6696	7823	7513	47113	20427	30016	12769	6977	7575	7444	36732	16930	19255	26679	6964	8484	7272	30932	15219	23647	3.6666944444444445	3.66669444444444
13500.1	29.3	7167	15975	8539	OVER	OVER	OVER	35356	6908	13677	8259	OVER	OVER	OVER	42619	6973	19253	8530	OVER	OVER	OVER	28670	6867	7767	7584	47820	19620	30058	12467	6701	7497	7373	37194	16775	19433	24477	7075	8379	7213	30852	15452	23810	3.750027777777778	3.75002777777778
13800.1	29.2	6981	16116	8668	OVER	OVER	OVER	35320	7071	13669	8173	OVER	OVER	OVER	42363	7097	19279	8501	OVER	OVER	OVER	28563	6720	7608	7554	47865	19384	29943	12540	6775	7653	7379	36914	16915	19531	20990	7144	8339	7127	31233	15330	23562	3.833361111111111	3.83336111111111
14100.1	29.2	7064	16002	8335	OVER	OVER	OVER	35634	7006	13678	8128	OVER	OVER	OVER	42419	6967	18924	8513	OVER	OVER	OVER	28493	6909	7687	7596	46978	19532	29938	12596	6878	7356	7320	37191	16993	19692	17878	6917	8407	7243	31195	15151	23441	3.9166944444444445	3.91669444444444
14400.1	29.3	6928	16005	8507	OVER	OVER	OVER	34752	6973	13428	8206	OVER	OVER	OVER	42140	7082	19034	8641	OVER	OVER	OVER	28706	6813	7488	7419	46953	18676	29715	12697	6950	7366	7403	37455	16378	20159	23663	6978	8338	7236	31572	15156	23456	4.0000277777777775	4.00002777777778
14700.1	29.4	6832	15482	8521	OVER	OVER	OVER	33640	7044	13461	8131	OVER	OVER	OVER	42800	7166	18822	8651	OVER	OVER	OVER	28743	6747	7644	7473	47941	19299	30188	12687	6788	7522	7186	37603	16746	19813	27178	6956	8335	7319	31695	15413	23762	4.083361111111111	4.08336111111111
15000.1	29.2	6927	15150	8536	OVER	OVER	OVER	35773	6930	13736	8263	OVER	OVER	OVER	43479	7086	18644	8415	OVER	OVER	OVER	28845	6652	7711	7526	46928	19700	30711	12962	6978	7428	7248	37345	16782	19702	27331	7000	8278	7323	31533	15510	23726	4.1666944444444445	4.16669444444444
15300.1	29.2	7024	15537	8446	OVER	OVER	OVER	34683	7041	13479	8202	OVER	OVER	OVER	42819	7036	19062	8160	OVER	OVER	OVER	29438	6816	7784	7439	47370	19796	30521	12844	6901	7455	7303	37660	16732	19168	28094	7047	8179	7206	32074	15421	23835	4.2500277777777775	4.25002777777778
15600.1	29.2	6846	15376	8322	OVER	OVER	OVER	34398	6794	13402	8252	OVER	OVER	OVER	42823	6933	19090	8413	OVER	OVER	OVER	29243	6796	7520	7421	47753	20352	30445	12940	6822	7715	7115	38159	16787	19614	27754	6893	8174	7373	31896	15270	23636	4.333361111111111	4.33336111111111
15900.1	29.3	7046	15389	8440	OVER	OVER	OVER	36324	6871	13133	8039	OVER	OVER	OVER	43014	7172	18770	8403	OVER	OVER	OVER	28507	6662	7605	7304	47433	20840	29645	12783	6838	7319	7497	37504	16522	19645	27096	6931	8322	7240	31869	15402	23560	4.4166944444444445	4.41669444444444
16200.1	29.3	6856	15359	8464	OVER	OVER	OVER	35672	6872	13377	8125	OVER	OVER	OVER	42858	6915	19125	8387	OVER	OVER	OVER	28666	6801	7483	7303	46793	20260	29802	12667	6747	7327	7358	37369	16780	19731	27014	6980	8241	7252	32053	15182	23689	4.5000277777777775	4.50002777777778
16500.1	29.4	7051	15459	8249	OVER	OVER	OVER	36484	6985	13382	8203	OVER	OVER	OVER	42024	6994	19043	8248	OVER	OVER	OVER	29087	6678	7474	7385	47290	20747	30174	12705	6745	7372	7456	37598	16764	19971	28195	7069	8137	7288	32318	15478	23631	4.583361111111111	4.58336111111111
16800.1	29.5	6991	15388	8140	OVER	OVER	OVER	35481	6825	12840	7895	OVER	OVER	OVER	42273	7101	18567	8217	OVER	OVER	OVER	28667	6714	7489	7458	47545	20785	30572	12424	6965	7411	7236	37281	16635	19657	27431	6813	8152	7112	32287	15178	23614	4.6666944444444445	4.66669444444444
17100.1	29.2	6898	15027	8391	OVER	OVER	OVER	35063	6954	13069	8150	OVER	OVER	OVER	42674	6978	18887	8106	OVER	OVER	OVER	29281	6826	7590	7428	46292	20465	30466	12713	6776	7334	7211	37409	16570	19606	26232	6875	8208	7122	32437	15426	24024	4.7500277777777775	4.75002777777778
17400.1	29.3	6911	15188	8394	OVER	OVER	OVER	34500	6965	12819	7940	OVER	OVER	OVER	41949	7087	18729	8105	OVER	OVER	OVER	28978	6835	7329	7418	46502	20655	30060	12617	6697	7426	7203	38758	16579	19669	26391	6840	7999	7441	32192	15566	23635	4.833361111111111	4.83336111111111
17700.1	29.3	6769	15013	8306	OVER	OVER	OVER	34484	6819	12940	7849	OVER	OVER	OVER	42464	6858	18388	8402	OVER	OVER	OVER	28451	6834	7232	7364	47010	20344	30053	12938	6721	7336	7270	37460	16668	19996	26374	6841	8067	7108	31413	15428	23424	4.9166944444444445	4.91669444444444
18000.1	29.4	6922	14971	8138	OVER	OVER	OVER	34438	6896	13140	7812	OVER	OVER	OVER	42064	6908	18636	8390	OVER	OVER	OVER	28196	6766	7487	7384	46130	20515	30269	12573	6892	7347	7089	37384	16551	19262	26190	6842	8186	7262	31183	15469	23378	5.0000277777777775	5.00002777777778
18300.1	29.3	7047	15089	8359	OVER	OVER	OVER	34271	6947	12849	8086	OVER	OVER	OVER	41786	6834	18517	8368	OVER	OVER	OVER	28283	6708	7574	7437	45196	20467	29682	12760	6681	7298	7157	38075	16537	19433	25891	7009	7987	7093	31865	15537	23404	5.083361111111111	5.08336111111111
18600.1	29.4	6851	15216	8250	OVER	OVER	OVER	34329	6919	13035	7795	OVER	OVER	OVER	42346	7027	18711	8162	OVER	OVER	OVER	28826	6761	7489	7415	45353	20183	29838	12852	6857	7379	7015	37614	16660	19385	25315	7005	8123	7278	32445	15273	23579	5.1666944444444445	5.16669444444444
18900.1	29.1	6913	14960	8208	OVER	OVER	OVER	34155	7010	12675	7882	OVER	OVER	OVER	42072	6909	19024	8063	OVER	OVER	OVER	28520	6658	7546	7349	45448	20275	29735	13029	6716	7406	7109	38267	16666	19408	25810	6962	7841	7264	31644	15400	23209	5.2500277777777775	5.25002777777778
19200.1	29.2	7041	14710	8156	OVER	OVER	OVER	33994	6924	12525	8110	OVER	OVER	OVER	42252	6882	18549	7863	OVER	OVER	OVER	29011	6656	7438	7276	45821	20489	30170	12904	6725	7301	7269	37389	16604	19433	25702	6837	7957	7147	30980	15313	23538	5.333361111111111	5.33336111111111
19500.1	29.1	6918	14861	8149	OVER	OVER	OVER	33757	7073	12352	7907	OVER	OVER	OVER	42065	6952	18723	8066	OVER	OVER	OVER	28432	6708	7267	7403	46039	20457	29038	12665	6878	7314	7202	37699	16884	19649	26340	6915	7914	7170	31942	15494	23574	5.4166944444444445	5.41669444444444
19800.1	29.3	6979	14590	8158	OVER	OVER	OVER	33563	7004	12497	7817	OVER	OVER	OVER	42498	6949	18446	8263	OVER	OVER	OVER	28865	6701	7459	7306	45674	20678	29127	12597	6710	7305	7014	37845	16479	19649	25714	7028	7843	7063	31582	15432	23410	5.5000277777777775	5.50002777777778
20100.1	29.4	6797	14502	8030	OVER	OVER	OVER	33511	7047	12697	7796	OVER	OVER	OVER	42317	6929	18467	8050	OVER	OVER	OVER	28497	6679	7378	7359	45780	20507	30003	12760	6861	7313	7104	38107	16197	19959	25588	6825	7838	7028	31978	15231	23220	5.583361111111111	5.58336111111111
20400.1	29.3	6970	14667	8160	OVER	OVER	OVER	33948	7011	12624	7841	OVER	OVER	OVER	42458	6910	18215	8089	OVER	OVER	OVER	28730	6774	7287	7394	45726	20518	30108	12784	6720	7289	7416	38103	16540	19680	25487	6859	8279	7272	32658	15346	23468	5.6666944444444445	5.66669444444444
20700.1	29.1	6776	14538	8166	OVER	OVER	OVER	33755	6990	12242	7881	OVER	OVER	OVER	42724	6896	18430	8110	OVER	OVER	OVER	28526	6686	7349	7412	45899	20713	29858	12504	6749	7013	7188	37841	16593	19587	25533	6768	7895	6961	31673	15284	23572	5.7500277777777775	5.75002777777778
21000.1	29.4	6820	14561	8184	OVER	OVER	OVER	33882	6750	12116	7938	OVER	OVER	OVER	43094	6865	18382	7961	OVER	OVER	OVER	28663	6800	7318	7291	45309	20585	29586	12655	6731	7250	6961	37784	16620	19382	25442	6835	7873	6994	31858	15339	23428	5.833361111111111	5.83336111111111
21300.1	29.3	6899	14464	8073	OVER	OVER	OVER	34099	6894	12598	7896	OVER	OVER	OVER	41872	6769	18376	8246	OVER	OVER	OVER	28569	6736	7241	7270	44849	20482	29561	12741	6914	7278	7131	37017	16636	19352	25321	7092	7907	7293	31608	15242	23411	5.9166944444444445	5.91669444444444
21600.1	29.2	7014	14271	8186	OVER	OVER	OVER	34133	6823	12317	7866	OVER	OVER	OVER	41603	6922	18466	8063	OVER	OVER	OVER	28230	6789	7162	7272	44578	20332	29017	12955	6752	7473	7137	37260	16563	19207	25317	6704	7965	7127	32076	15245	23337	6.0000277777777775	6.00002777777778
21900.1	29	6840	14330	8145	OVER	OVER	OVER	33464	6783	12589	7796	OVER	OVER	OVER	42456	7024	18284	7950	OVER	OVER	OVER	28571	6551	7359	7261	45091	20472	28983	13192	6666	7289	7254	37926	16597	19535	25173	6868	7759	7086	31785	15540	23274	6.083361111111111	6.08336111111111
22200.1	29.3	6842	14161	8250	OVER	OVER	OVER	32977	6977	12449	7800	OVER	OVER	OVER	42785	6885	18186	7872	OVER	OVER	OVER	28611	6692	7302	7195	45230	20222	28964	12730	6605	7232	7108	37985	16428	19499	25161	6983	7797	7226	31746	15403	23385	6.1666944444444445	6.16669444444444
22500.1	29.4	6835	13858	8139	OVER	OVER	OVER	33620	6991	12210	7790	OVER	OVER	OVER	42147	6736	17916	8148	OVER	OVER	OVER	29298	6757	7357	7222	45334	20425	29379	12654	6696	7151	7177	37455	16615	19578	25852	6892	7644	7249	31789	15279	23125	6.2500277777777775	6.25002777777778
22800.1	29.2	7012	13995	7987	OVER	OVER	OVER	33383	6814	12159	7831	OVER	OVER	OVER	42850	6979	18303	7959	OVER	OVER	OVER	28404	6609	7321	7330	44707	20360	29523	12713	6707	7315	7100	38155	16613	19266	25967	6913	7890	7263	31708	15327	23273	6.333361111111111	6.33336111111111
23100.1	29.3	7019	14500	8129	OVER	OVER	OVER	34031	6859	12059	7573	OVER	OVER	OVER	42141	6949	18260	7987	OVER	OVER	OVER	28153	6718	7244	7374	45657	20458	29246	12654	6859	7261	7093	37692	16609	19258	26130	7026	7843	7115	31939	15555	23388	6.4166944444444445	6.41669444444444
23400.1	29.3	7054	14363	7977	OVER	OVER	OVER	33070	6846	11920	7815	OVER	OVER	OVER	42440	6798	18113	7989	OVER	OVER	OVER	28289	6593	7178	7386	45668	19966	28903	12893	6821	7297	7166	37284	16407	19528	25404	7015	7860	7015	31623	15289	23197	6.5000277777777775	6.50002777777778
23700.1	29	6991	13816	8016	OVER	OVER	OVER	33878	6866	11901	7803	OVER	OVER	OVER	42272	6858	17967	8008	OVER	OVER	OVER	27774	6680	7338	7301	45197	20281	28586	13152	6764	7162	7205	36689	16520	19362	25358	6942	7789	7244	31830	15364	23467	6.583361111111111	6.58336111111111
24000.1	29.2	6949	14142	7733	OVER	OVER	OVER	33237	6894	12451	7753	OVER	OVER	OVER	42019	6992	17978	7969	OVER	OVER	OVER	27996	6760	7357	7328	45052	19939	29706	13154	6715	7199	7122	36673	16403	19471	25825	6847	7759	7229	31366	15292	23915	6.6666944444444445	6.66669444444444
24300.1	29.3	6943	13770	8100	OVER	OVER	OVER	33093	6839	12064	7941	OVER	OVER	OVER	41816	6830	18174	7815	OVER	OVER	OVER	28111	6693	7268	7251	45206	20149	28985	13085	6698	7323	7064	36750	16506	19317	25493	6826	7668	7070	31965	15603	23495	6.7500277777777775	6.75002777777778
24600.1	29.2	6995	13830	8059	OVER	OVER	OVER	33111	6816	11781	7641	OVER	OVER	OVER	42251	6894	17747	7990	OVER	OVER	OVER	27934	6592	7281	7481	45144	19908	29211	12539	6874	7183	7217	37126	16740	19891	25601	6980	8111	7068	31948	15161	23443	6.833361111111111	6.83336111111111
24900.1	29.2	6864	13711	8057	OVER	OVER	OVER	33723	6901	11629	7941	OVER	OVER	OVER	42294	6735	18227	7843	OVER	OVER	OVER	28075	6406	7228	7274	44543	19729	28799	12706	6754	7010	7124	37018	16490	19117	25922	6664	7796	7060	32106	14958	23348	6.9166944444444445	6.91669444444444
25200.1	29.4	6804	13910	8012	OVER	OVER	OVER	33261	6888	12056	7722	OVER	OVER	OVER	42471	6827	18290	7838	OVER	OVER	OVER	27910	6696	7279	7152	45224	19928	29654	12831	6748	7123	7152	36525	16584	19362	25755	6841	7786	7134	31798	15057	23601	7.0000277777777775	7.00002777777778
25500.1	29.2	6721	13760	8092	OVER	OVER	OVER	33381	6755	11721	7807	OVER	OVER	OVER	42470	6814	18289	7818	OVER	OVER	OVER	27936	6544	7097	7327	45167	20095	29069	12629	6802	7213	7102	35945	16410	19330	25661	7024	7711	7076	31985	15284	23099	7.083361111111111	7.08336111111111
25800.1	29.2	6858	13365	8112	OVER	OVER	OVER	33056	6776	11779	7899	OVER	OVER	OVER	42872	6916	17376	7717	OVER	OVER	OVER	27428	6678	7033	7127	43784	20127	29973	12716	6761	7329	7070	36494	16038	19283	25607	6816	7693	7070	31675	15145	23274	7.1666944444444445	7.16669444444444
26100.1	29.3	6892	13530	8055	OVER	OVER	OVER	33270	6913	11803	7699	OVER	OVER	OVER	42362	6783	17910	7754	OVER	OVER	OVER	28344	6745	7133	7148	43918	19962	29350	12545	6829	7208	7060	36373	15938	18975	25266	6882	7809	7111	31483	15035	23133	7.2500277777777775	7.25002777777778
26400.1	29.1	6903	13867	8059	OVER	OVER	OVER	33456	7164	11870	7753	OVER	OVER	OVER	42881	6909	18027	7682	OVER	OVER	OVER	28278	6606	7246	7286	44548	19273	29824	12366	6801	7312	7145	36956	16184	19462	24800	6886	7791	7087	31786	15327	23400	7.333361111111111	7.33336111111111
26700.1	29.2	6906	13817	7966	OVER	OVER	OVER	33021	6831	12210	7762	OVER	OVER	OVER	42661	6900	18210	7826	OVER	OVER	OVER	28624	6664	7214	7169	44144	19620	29727	12700	6626	7406	7171	36659	15800	18722	24430	6940	7767	7065	31468	15181	23607	7.4166944444444445	7.41669444444444
27000.1	29.1	7075	14009	7745	OVER	OVER	OVER	33997	7079	11772	7768	OVER	OVER	OVER	42700	6882	17949	7859	OVER	OVER	OVER	28691	6648	7185	7342	43452	19585	29129	12639	6722	7324	7158	37015	15861	19079	23981	6992	7748	7130	31170	14984	23302	7.5000277777777775	7.50002777777778
27300.1	29.4	6978	14018	7924	OVER	OVER	OVER	34234	6838	11806	7680	OVER	OVER	OVER	42813	6917	17750	7750	OVER	OVER	OVER	27832	6731	7122	7106	43609	19792	28986	12632	6712	7111	7025	37070	15923	18998	23754	6851	7863	7002	31482	14989	23116	7.583361111111111	7.58336111111111
27600.1	29.2	6947	13997	7959	OVER	OVER	OVER	33795	6916	11481	7790	OVER	OVER	OVER	42420	6895	17809	7788	OVER	OVER	OVER	27980	6709	7059	7129	44531	19336	28823	12794	6584	7071	7043	36432	16149	18964	24701	6940	7761	7111	31183	15202	23131	7.6666944444444445	7.66669444444444
27900.1	29.1	6847	14016	7920	OVER	OVER	OVER	33573	6953	11772	7662	OVER	OVER	OVER	42284	6853	17518	7684	OVER	OVER	OVER	28326	6674	7002	7285	44123	19274	28755	12781	6665	7243	7012	36230	16101	18649	24393	6775	7459	7091	31603	15199	23213	7.7500277777777775	7.75002777777778
28200.1	29.3	6829	13665	7956	OVER	OVER	OVER	33929	6837	11938	7723	OVER	OVER	OVER	42199	6844	17691	7652	OVER	OVER	OVER	27920	6579	7138	7231	44414	19210	28613	12423	6701	6945	7086	36038	16000	18789	24204	6847	7739	6964	31254	15182	22388	7.833361111111111	7.83336111111111
28500.1	29.2	6825	14163	8016	OVER	OVER	OVER	33264	6887	11394	7706	OVER	OVER	OVER	42990	6957	17454	7890	OVER	OVER	OVER	27995	6696	7218	7249	44148	18962	28421	12492	6722	7115	7100	35920	16100	19011	24561	6855	7722	7117	30869	14940	22474	7.9166944444444445	7.91669444444444
28800.1	29.2	6909	14004	8013	OVER	OVER	OVER	33494	6991	11668	7518	OVER	OVER	OVER	41766	6890	18086	7800	OVER	OVER	OVER	27860	6847	7116	7278	44105	19173	28783	12459	6700	7206	7298	36039	16055	18554	24491	6856	7808	7153	31216	14881	22638	8.000027777777778	8.00002777777778
29100.1	29.3	6815	13816	8008	OVER	OVER	OVER	33847	6798	11736	7732	OVER	OVER	OVER	42124	6862	17867	7778	OVER	OVER	OVER	27520	6592	7270	7386	43412	19113	29686	12307	6606	7172	6947	36042	15839	18511	23940	6903	7589	7246	30926	14960	22822	8.083361111111111	8.08336111111111
29400.1	29.2	6786	13823	7959	OVER	OVER	OVER	33995	6875	11972	7785	OVER	OVER	OVER	42036	6843	17970	7828	OVER	OVER	OVER	27931	6621	7160	7308	44215	19106	28995	12292	6782	7132	7074	36118	16057	18914	23815	6954	7693	7012	30889	14833	23033	8.166694444444444	8.16669444444444
29700.1	29.4	6894	13869	7896	OVER	OVER	OVER	33734	6843	11532	7794	OVER	OVER	OVER	42355	6931	17824	7801	OVER	OVER	OVER	27947	6814	7068	7141	43914	19317	28745	12448	6675	7068	6947	34589	16147	18880	23709	7039	7621	7285	31321	14521	23199	8.250027777777778	8.25002777777778
30000.1	29.3	6666	13831	7956	OVER	OVER	OVER	34745	6775	11435	7624	OVER	OVER	OVER	42788	6834	17970	8008	OVER	OVER	OVER	27814	6596	7013	7226	43744	19284	28033	12293	6736	7178	7129	34542	16170	18493	23517	6925	7672	6985	30313	14904	22765	8.333361111111111	8.33336111111111
30300.1	29.3	6800	13997	8008	OVER	OVER	OVER	33630	6931	11738	7646	OVER	OVER	OVER	43314	6722	17872	7815	OVER	OVER	OVER	27402	6806	7114	7134	42932	19374	28392	12327	6594	7110	7036	34999	16075	18728	23772	6926	7516	7018	31364	14629	22566	8.416694444444444	8.41669444444444
30600.1	29.3	6874	13494	7845	OVER	OVER	OVER	33407	6890	11624	7748	OVER	OVER	OVER	42416	6902	18100	7662	OVER	OVER	OVER	28247	6657	6926	7205	42693	19649	27958	12406	6569	7214	6973	35048	15715	18776	23637	6761	7730	7073	31324	14691	22482	8.500027777777778	8.50002777777778
30900.1	29.1	6867	13732	7966	OVER	OVER	OVER	33651	6773	11767	7887	OVER	OVER	OVER	42695	6990	18052	7551	OVER	OVER	OVER	28221	6761	7118	7430	43173	19375	28570	12553	6719	7107	7062	34825	16071	18819	23812	6842	7712	7151	30399	14942	22910	8.583361111111111	8.58336111111111
31200.1	29.2	6912	13444	7968	OVER	OVER	OVER	34380	6783	11629	7893	OVER	OVER	OVER	42889	6912	18179	7662	OVER	OVER	OVER	27674	6582	7170	7311	42879	19096	28953	12643	6708	6947	7053	34542	15853	18939	24282	6955	7490	7025	30719	14827	22690	8.666694444444444	8.66669444444444
31500.1	29.3	6873	13602	8071	OVER	OVER	OVER	33078	6855	11628	7684	OVER	OVER	OVER	42291	6934	18053	7813	OVER	OVER	OVER	27770	6586	7040	7317	42536	19503	28414	12758	6816	7084	7133	34642	16184	18963	23426	6927	7570	7029	30418	14542	22316	8.750027777777778	8.75002777777778
31800.1	29.3	6842	13426	8215	OVER	OVER	OVER	33466	6800	11671	7500	OVER	OVER	OVER	41953	6838	17991	7607	OVER	OVER	OVER	27562	6661	7176	7292	42259	18982	28222	12313	6676	7153	6972	35147	15775	18747	23508	7000	7627	7069	30002	14784	22521	8.833361111111111	8.83336111111111
32100.1	29.2	6827	13615	7956	OVER	OVER	OVER	33320	6960	11932	7597	OVER	OVER	OVER	42397	6793	17990	7716	OVER	OVER	OVER	27656	6652	7091	7255	41687	19257	28085	12611	6922	7187	7011	34472	15921	18693	23117	6893	7707	7101	29820	14651	22614	8.916694444444444	8.91669444444444
32400.1	29.3	6867	13549	7983	OVER	OVER	OVER	33377	6766	11550	7636	OVER	OVER	OVER	42943	6792	17785	7557	OVER	OVER	OVER	27548	6600	7153	7232	42989	18934	28264	12368	6583	7127	7148	34848	15710	18551	22993	6871	7503	7091	29898	14693	21782	9.000027777777778	9.00002777777778
32700.1	29.3	6901	13590	7709	OVER	OVER	OVER	33811	6684	11984	7663	OVER	OVER	OVER	42717	6872	17924	7602	OVER	OVER	OVER	27611	6568	7052	7038	42967	18498	28115	12239	6789	7139	7044	34173	15376	18906	23423	6888	7651	7092	29796	14472	22109	9.083361111111111	9.08336111111111
33000.1	29	6877	13514	7938	OVER	OVER	OVER	34124	6761	11634	7695	OVER	OVER	OVER	42446	6921	17870	7795	OVER	OVER	OVER	27632	6726	7020	7217	41890	18847	27618	12395	6731	7137	7108	34019	15618	18112	22607	6725	7637	7127	29991	14883	22273	9.166694444444444	9.16669444444444
33300.1	29.2	6882	13479	7790	OVER	OVER	OVER	34263	6824	11395	7466	OVER	OVER	OVER	41415	6873	17735	7607	OVER	OVER	OVER	27120	6616	7165	7225	42382	19179	27464	12084	6725	6992	6974	33751	15383	18519	22777	6778	7620	7003	29509	14651	22632	9.250027777777778	9.25002777777778
33600.1	29.2	6863	13744	7910	OVER	OVER	OVER	33850	6680	11839	7489	OVER	OVER	OVER	42540	6926	18029	7787	OVER	OVER	OVER	27070	6706	7172	7206	42474	19159	27790	12650	6556	6967	6959	34769	15344	18819	22905	6817	7610	7079	29830	14498	22932	9.333361111111111	9.33336111111111
33900.1	29.3	6751	13185	7935	OVER	OVER	OVER	34294	6792	11565	7520	OVER	OVER	OVER	42534	6914	17548	7649	OVER	OVER	OVER	26911	6418	7222	7234	41659	18772	27287	12365	6648	7085	6970	34478	15429	19121	23135	6767	7573	6952	29423	14671	22471	9.416694444444444	9.41669444444444
34200.1	29	6814	13342	7831	OVER	OVER	OVER	33943	6842	11569	7700	OVER	OVER	OVER	41329	6832	17935	7723	OVER	OVER	OVER	27181	6589	7086	7142	42549	18391	27413	12277	6652	7174	7145	34075	15359	18346	23014	6869	7651	7093	29845	14645	22585	9.500027777777778	9.50002777777778
34500.1	29.2	6764	13277	8055	OVER	OVER	OVER	33712	6759	11381	7702	OVER	OVER	OVER	41538	6730	17730	7643	OVER	OVER	OVER	27479	6593	7120	7129	42809	18487	26900	12181	6825	7149	6859	33619	15780	18794	22890	6814	7644	7065	29143	14628	22163	9.583361111111111	9.58336111111111
34800.1	29.5	6810	13264	7858	OVER	OVER	OVER	33691	6874	11343	7517	OVER	OVER	OVER	40510	6760	17674	7867	OVER	OVER	OVER	26947	6535	7159	7295	42094	18628	27456	12411	6788	6994	6934	34260	15275	18854	22761	6747	7568	7092	28802	14483	22533	9.666694444444444	9.66669444444444
35100.1	29.3	6794	13691	7933	OVER	OVER	OVER	33797	6824	11381	7612	OVER	OVER	OVER	40705	6814	17886	7668	OVER	OVER	OVER	27275	6534	7094	7067	41846	18689	27585	12420	6686	7100	7005	33871	15325	18423	23171	6776	7435	7034	28866	14579	22460	9.750027777777778	9.75002777777778
35400.1	29.3	6633	13554	7887	OVER	OVER	OVER	34275	6667	11783	7565	OVER	OVER	OVER	42458	6789	18191	7705	OVER	OVER	OVER	27373	6563	7174	7287	41940	18421	27683	12430	6732	7028	6992	33486	15346	18547	23312	6986	7515	7010	28289	14788	22334	9.833361111111111	9.83336111111111
35700.1	29.2	6845	13254	7888	OVER	OVER	OVER	34442	6790	11382	7655	OVER	OVER	OVER	41008	6673	17614	7462	OVER	OVER	OVER	27810	6764	6969	7244	41882	18375	28698	12314	6635	7069	6852	33455	15060	18663	23422	6888	7596	7045	29162	14297	21966	9.916694444444444	9.91669444444444
36000.1	29.2	6840	13164	7881	OVER	OVER	OVER	33575	6783	11543	7674	OVER	OVER	OVER	41292	6820	17730	7659	OVER	OVER	OVER	27919	6542	7150	7340	42722	18727	27835	12371	6586	6875	6888	33675	15086	18288	23154	6886	7576	6769	29089	14303	22522	10.000027777777778	10.0000277777778
36300.1	29.3	6929	13695	8032	OVER	OVER	OVER	34119	6642	11168	7439	OVER	OVER	OVER	40379	6726	17764	7619	OVER	OVER	OVER	27313	6611	7180	7027	41647	18564	28776	12205	6535	6989	7056	33548	15457	18479	23427	6767	7392	6972	29104	14197	22704	10.083361111111111	10.0833611111111
36600.1	29.3	6733	13511	7849	OVER	OVER	OVER	34019	6790	11457	7496	OVER	OVER	OVER	41754	6795	17794	7593	OVER	OVER	OVER	27216	6540	7152	7225	41706	18756	28712	11861	6565	7153	6969	33366	15288	18528	23022	6789	7521	6860	29359	14285	22361	10.166694444444444	10.1666944444444
36900.1	29.3	6736	13577	7869	OVER	OVER	OVER	34187	6791	11371	7565	OVER	OVER	OVER	40580	6654	18004	7772	OVER	OVER	OVER	26682	6610	7054	7122	42773	18571	28977	12191	6662	7075	7083	33455	15104	18223	23416	6778	7524	6983	28977	14206	22359	10.250027777777778	10.2500277777778
37200.1	29.3	6778	13240	7877	OVER	OVER	OVER	34632	6787	11459	7474	OVER	OVER	OVER	41045	6824	17451	7656	OVER	OVER	OVER	26764	6534	7021	7212	42456	18448	29213	12062	6757	7000	6968	33691	15078	18991	23493	6872	7604	7038	29312	14310	22615	10.333361111111111	10.3333611111111
37500.1	29.2	6722	13108	7748	OVER	OVER	OVER	34622	6756	11572	7298	OVER	OVER	OVER	40314	6636	17495	7831	OVER	OVER	OVER	27140	6497	7088	7283	41880	18142	29210	12133	6781	7045	7107	33070	15389	18583	23345	6711	7481	7114	29319	14188	22583	10.416694444444444	10.4166944444444
37800.1	29.3	6832	13131	7843	OVER	OVER	OVER	34355	6812	10992	7436	OVER	OVER	OVER	40219	6711	17745	7878	OVER	OVER	OVER	26808	6666	7183	7174	41816	18552	28984	11912	6639	7051	6940	33361	15077	18420	23169	6873	7450	6998	28956	13942	22101	10.500027777777778	10.5000277777778
38100.1	29.3	6787	13029	7803	OVER	OVER	OVER	34181	6885	11008	7635	OVER	OVER	OVER	39317	6824	17669	7570	OVER	OVER	OVER	27162	6528	7084	7077	41146	18570	28423	11915	6694	6866	7013	32783	15147	18691	23474	6708	7535	6953	28981	14225	22013	10.583361111111111	10.5833611111111
38400.1	29.2	6780	12849	7873	OVER	OVER	OVER	33892	6704	11420	7404	OVER	OVER	OVER	39570	6739	17562	7575	OVER	OVER	OVER	27584	6626	7215	7137	41697	18363	29170	11831	6667	7002	7064	33108	15035	18442	23352	6766	7604	7050	29222	14026	21844	10.666694444444444	10.6666944444444
38700.1	29.4	6863	12789	7882	OVER	OVER	OVER	33768	6746	11477	7505	OVER	OVER	OVER	39321	6696	17424	7467	OVER	OVER	OVER	28431	6655	7001	6904	41296	18217	28927	11935	6801	7064	6945	33385	15295	18360	23141	6747	7614	7143	28776	14215	22314	10.750027777777778	10.7500277777778
39000.1	29.2	6782	13140	7790	OVER	OVER	OVER	33244	6725	11739	7594	OVER	OVER	OVER	39981	6841	17522	7762	OVER	OVER	OVER	27484	6515	7042	6935	40942	18212	28881	12175	6684	7099	6905	32941	15110	18569	23157	6881	7492	6945	29027	14304	21939	10.833361111111111	10.8333611111111
39300.1	29.2	6702	13332	7984	OVER	OVER	OVER	33279	6891	11017	7536	OVER	OVER	OVER	39483	6731	17099	7589	OVER	OVER	OVER	27341	6599	7001	7161	41478	18449	28751	12002	6763	7195	6863	32817	15178	18476	22787	6837	7366	6961	28582	13981	22577	10.916694444444444	10.9166944444444
39600.1	29.2	6714	13174	7749	OVER	OVER	OVER	33442	6760	11249	7558	OVER	OVER	OVER	39830	6757	17116	7726	OVER	OVER	OVER	27331	6471	6970	7116	41021	18586	28774	12044	6672	6989	7109	33185	15129	19059	23050	6856	7584	6907	28712	14301	21594	11.000027777777778	11.0000277777778
39900.1	29.1	6801	13350	7668	OVER	OVER	OVER	34128	6760	11405	7492	OVER	OVER	OVER	40189	6760	17694	7480	OVER	OVER	OVER	27376	6693	6863	7341	41777	18180	28660	11931	6507	6994	6895	33179	14984	18417	23041	6634	7451	6878	28750	14203	21556	11.083361111111111	11.0833611111111
40200.1	29.3	6894	13577	7891	OVER	OVER	OVER	33581	6827	10977	7344	OVER	OVER	OVER	39898	6783	17438	7606	OVER	OVER	OVER	27944	6377	6886	7263	42219	18689	28294	12040	6624	6949	7021	33661	14894	18336	23231	6786	7353	6993	28628	13884	22459	11.166694444444444	11.1666944444444
40500.1	29.3	6819	13409	7747	OVER	OVER	OVER	32648	6731	11467	7492	OVER	OVER	OVER	40104	6727	17750	7565	OVER	OVER	OVER	27882	6482	7111	7124	42059	18859	28471	12099	6622	7015	6811	34047	15217	18536	23609	6758	7554	6785	27840	14119	22243	11.250027777777778	11.2500277777778
40800.1	29.4	6741	13297	7652	OVER	OVER	OVER	32715	6816	11438	7351	OVER	OVER	OVER	40513	6679	17771	7778	OVER	OVER	OVER	27974	6539	6916	7202	40824	18187	28432	12040	6797	7110	6868	33436	15425	18045	22883	6809	7363	6938	28339	14194	22029	11.333361111111111	11.3333611111111
41100.1	29.1	6813	13216	7691	OVER	OVER	OVER	33112	6624	11470	7372	OVER	OVER	OVER	40215	6633	17388	7763	OVER	OVER	OVER	27360	6551	7117	7042	41223	18250	28685	11738	6626	7245	6921	33728	15256	18482	23015	6789	7414	7002	28422	14104	21993	11.416694444444444	11.4166944444444
41400.1	29.3	6810	13104	7827	OVER	OVER	OVER	32671	6628	11116	7439	OVER	OVER	OVER	40809	6643	17275	7429	OVER	OVER	OVER	27183	6485	6989	7112	41193	18139	29079	11841	6701	6918	6899	33453	15403	18732	22468	6743	7479	6874	28181	14232	21724	11.500027777777778	11.5000277777778
41700.1	29.2	6770	13298	7792	OVER	OVER	OVER	32601	6741	11226	7385	OVER	OVER	OVER	42045	6708	17095	7658	OVER	OVER	OVER	27190	6482	6970	7051	41810	18020	28547	11960	6732	7023	7082	33255	15085	18545	23163	6851	7552	6918	27824	14255	22348	11.583361111111111	11.5833611111111
42000.1	29.2	6793	13337	7941	OVER	OVER	OVER	33069	6802	11051	7400	OVER	OVER	OVER	40376	6759	16890	7666	OVER	OVER	OVER	27677	6538	7147	7161	41195	18170	28176	12141	6764	7005	6820	33076	15264	18755	22439	6874	7516	6904	28371	13967	21799	11.666694444444444	11.6666944444444
42300.1	29.3	6842	13218	7842	OVER	OVER	OVER	32864	6636	11474	7246	OVER	OVER	OVER	40714	6708	17202	7676	OVER	OVER	OVER	26912	6403	7025	7022	41503	18331	28004	11988	6661	7015	6807	33188	15156	18956	23081	6726	7309	6860	27823	14442	21825	11.750027777777778	11.7500277777778
42600.1	29.4	6888	13490	7740	OVER	OVER	OVER	33374	6700	11170	7379	OVER	OVER	OVER	40571	6695	17172	7710	OVER	OVER	OVER	26954	6676	7053	7246	41356	18519	28245	11908	6603	6995	6908	32673	15216	18796	22441	6847	7346	6855	27784	14082	21926	11.833361111111111	11.8333611111111
42900.1	29.2	6811	13111	7829	OVER	OVER	OVER	33190	6685	11601	7551	OVER	OVER	OVER	40658	6769	17200	7678	OVER	OVER	OVER	27337	6590	7143	7101	41037	18094	28179	12056	6676	7130	6891	32978	14872	18593	22211	6765	7472	6815	27486	13858	21796	11.916694444444444	11.9166944444444
43200.1	29.2	6902	13234	7853	OVER	OVER	OVER	33289	6764	11370	7607	OVER	OVER	OVER	40585	6653	17191	7760	OVER	OVER	OVER	26904	6455	7111	7206	40729	18342	28105	12082	6533	6971	6990	32913	15223	18727	22422	6915	7513	6981	27414	13895	21623	12.000027777777778	12.0000277777778
43500.1	29.3	6667	13295	7705	OVER	OVER	OVER	34186	6835	10878	7346	OVER	OVER	OVER	40872	6507	17268	7706	OVER	OVER	OVER	27221	6495	6938	7119	41116	18289	28086	11906	6565	7098	6886	33169	14964	18457	22645	6696	7417	6949	27878	13937	21710	12.083361111111111	12.0833611111111
43800.1	29.2	6911	13381	7904	OVER	OVER	OVER	33618	6879	10860	7526	OVER	OVER	OVER	41159	6713	17810	7785	OVER	OVER	OVER	27136	6713	6932	7049	40913	18242	27900	11946	6598	6960	6924	32396	14998	18483	22726	6848	7477	6811	27174	13861	21806	12.166694444444444	12.1666944444444
44100.1	29.2	6728	13690	7639	OVER	OVER	OVER	34095	6673	11029	7451	OVER	OVER	OVER	39920	6836	17058	7415	OVER	OVER	OVER	27039	6575	7054	7141	40942	18139	28002	11886	6644	6924	6987	32696	14929	18542	22310	6725	7495	7055	27225	14090	21666	12.250027777777778	12.2500277777778
44400.1	29.2	6749	13093	7635	OVER	OVER	OVER	33491	6746	11184	7201	OVER	OVER	OVER	39816	6702	17065	7491	OVER	OVER	OVER	27294	6472	7033	7057	42303	18111	28673	11789	6517	7033	6579	32362	14932	18388	22288	6686	7098	6780	27063	14069	21503	12.333361111111111	12.3333611111111
44700.1	29.1	6714	13089	7691	OVER	OVER	OVER	32987	6630	11061	7547	OVER	OVER	OVER	40072	6692	17125	7404	OVER	OVER	OVER	26888	6568	6993	7082	41829	18076	28037	11960	6645	7020	6804	32408	14908	18361	22148	6775	7430	6857	27067	14077	20845	12.416694444444444	12.4166944444444
45000.1	29.2	6748	13027	7924	OVER	OVER	OVER	34263	6569	11236	7391	OVER	OVER	OVER	38484	6517	17528	7476	OVER	OVER	OVER	27078	6464	7055	7034	41888	18023	28357	12163	6466	6983	6729	32288	14877	18698	22324	6657	7495	7012	27039	13906	21475	12.500027777777778	12.5000277777778
45300.1	29.2	6674	13169	7777	OVER	OVER	OVER	33955	6696	10655	7462	OVER	OVER	OVER	38795	6672	17006	7676	OVER	OVER	OVER	26885	6573	7010	7186	40592	18046	28334	11980	6435	7069	6896	32544	15026	18813	22695	6861	7435	7145	26991	14024	21854	12.583361111111111	12.5833611111111
45600.1	29.3	6758	13461	7829	OVER	OVER	OVER	33475	6626	11186	7505	OVER	OVER	OVER	38260	6653	17142	7429	OVER	OVER	OVER	26746	6649	7132	7057	40763	18035	27631	11933	6517	7009	6790	32214	14768	18376	21592	6789	7370	6979	26777	13890	21729	12.666694444444444	12.6666944444444
45900.1	29.2	6757	13264	7597	OVER	OVER	OVER	33124	6752	11307	7603	OVER	OVER	OVER	38184	6633	16900	7439	OVER	OVER	OVER	26786	6468	6968	7155	40807	17743	27573	11858	6638	6889	6693	32528	14996	18197	22219	6799	7583	6777	26603	13967	21704	12.750027777777778	12.7500277777778
46200	29.1	6786	13033	7695	OVER	OVER	OVER	33582	6690	11193	7509	OVER	OVER	OVER	39066	6640	17127	7328	OVER	OVER	OVER	26336	6513	6941	7063	40352	17476	27482	11727	6729	7093	6670	32509	14986	18508	22110	6746	7570	6904	26804	14033	21745	12.833333333333334	12.8333333333333
46500.1	29.3	6634	13182	7590	OVER	OVER	OVER	33390	6719	11303	7360	OVER	OVER	OVER	39980	6717	16537	7467	OVER	OVER	OVER	26660	6517	7052	7285	40073	17619	27206	11851	6578	6968	6878	32295	14882	17845	22157	6758	7566	6875	26968	13802	21375	12.916694444444444	12.9166944444444
46800.1	29.4	6710	13400	7686	OVER	OVER	OVER	33633	6626	11052	7483	OVER	OVER	OVER	39407	6609	16732	7306	OVER	OVER	OVER	25742	6586	7017	7082	39743	17962	27811	11597	6626	7156	6850	32529	14891	18203	22384	6643	7429	6879	26892	13997	21485	13.000027777777778	13.0000277777778
47100	29.2	6833	13581	7760	OVER	OVER	OVER	34507	6769	11361	7243	OVER	OVER	OVER	40543	6664	16777	7565	OVER	OVER	OVER	26643	6387	7068	7081	39820	17994	28227	11906	6509	7062	6929	32206	15124	17739	21929	6738	7441	6947	27143	13902	21476	13.083333333333334	13.0833333333333
47400.1	29.3	6792	12891	7857	OVER	OVER	OVER	33600	6652	10917	7560	OVER	OVER	OVER	39819	6757	17128	7338	OVER	OVER	OVER	26663	6444	7041	7165	40676	17498	27789	11585	6590	7056	6941	31971	14671	18132	22662	6671	7455	6765	27329	13874	21650	13.166694444444444	13.1666944444444
47700.1	29.2	6799	13349	7790	OVER	OVER	OVER	32608	6761	11169	7493	OVER	OVER	OVER	39809	6711	17733	7395	OVER	OVER	OVER	27446	6440	6983	7061	40841	17950	28027	11627	6547	6985	6835	32326	14763	18149	21928	6690	7508	6933	27598	13793	21725	13.250027777777778	13.2500277777778
48000	29.2	6806	13184	7860	OVER	OVER	OVER	32593	6726	10939	7516	OVER	OVER	OVER	38601	6673	17284	7492	OVER	OVER	OVER	26979	6430	6955	6952	41138	17863	27952	11771	6545	6887	6900	32144	14610	18395	21865	6674	7351	6915	27765	13992	22056	13.333333333333334	13.3333333333333
48300.1	29.3	6683	13205	7676	OVER	OVER	OVER	32312	6750	11031	7498	OVER	OVER	OVER	38820	6746	16937	7124	OVER	OVER	OVER	26410	6362	6879	6999	39703	18052	27948	11773	6675	6980	6746	32316	14516	18569	21921	6757	7632	6879	26926	13785	21563	13.416694444444444	13.4166944444444
48600	29.1	6833	13156	7702	OVER	OVER	OVER	32983	6662	10860	7445	OVER	OVER	OVER	38724	6600	17277	7359	OVER	OVER	OVER	26270	6510	6929	7152	39130	17261	27499	11684	6654	6936	6791	31724	14653	17787	21949	6606	7487	6984	26667	14112	21670	13.5	13.5
48900.1	29.3	6655	13128	7593	OVER	OVER	OVER	33107	6572	11200	7536	OVER	OVER	OVER	38532	6657	17257	7597	OVER	OVER	OVER	26964	6480	6917	7067	39791	17858	26785	11807	6606	6857	6749	31679	14470	17921	22195	6829	7394	7022	26859	13923	21613	13.583361111111111	13.5833611111111
49200	29.3	6737	13163	7765	OVER	OVER	OVER	32912	6681	11132	7424	OVER	OVER	OVER	38061	6703	17379	7529	OVER	OVER	OVER	26687	6505	6755	6943	40382	17423	27530	11750	6540	6979	6818	31875	14786	17954	22008	6557	7331	6983	27118	13800	21392	13.666666666666666	13.6666666666667
49500	29.2	6829	13002	7626	OVER	OVER	OVER	33755	6667	11056	7424	OVER	OVER	OVER	38206	6515	17238	7564	OVER	OVER	OVER	27111	6416	6947	6944	40629	17524	27682	11648	6530	6762	6917	31786	14856	17668	21873	6738	7460	6973	26798	13785	21673	13.75	13.75
49800	29.2	6739	12817	7815	OVER	OVER	OVER	32526	6771	11562	7387	OVER	OVER	OVER	37774	6625	17260	7376	OVER	OVER	OVER	26620	6516	6906	7097	40617	17627	27597	11646	6566	6894	6833	31315	14646	17792	21814	6832	7462	6999	27273	13795	21244	13.833333333333334	13.8333333333333
50100	29.3	6871	12914	7725	OVER	OVER	OVER	32709	6819	11087	7636	OVER	OVER	OVER	37942	6545	17377	7315	OVER	OVER	OVER	26833	6394	6938	6992	40159	17997	28084	11812	6601	6886	6874	31310	14358	18147	21990	6674	7276	6867	27265	13884	21233	13.916666666666666	13.9166666666667
50400	29.3	6699	12814	7607	OVER	OVER	OVER	32824	6649	11361	7345	OVER	OVER	OVER	37660	6750	17020	7314	OVER	OVER	OVER	26787	6590	7013	6994	39427	17843	28437	11934	6502	6917	6888	31496	14687	18147	22095	6738	7361	6626	27549	13656	21154	14	14
50700	29.1	6675	13057	7482	OVER	OVER	OVER	33099	6675	11006	7519	OVER	OVER	OVER	38838	6590	17298	7562	OVER	OVER	OVER	26387	6417	6793	7188	38994	17409	27974	11822	6604	7063	6808	32087	14656	18670	21936	6726	7323	6722	27273	13680	20979	14.083333333333334	14.0833333333333
51000	29.3	6720	13085	7621	OVER	OVER	OVER	32223	6673	11160	7494	OVER	OVER	OVER	38197	6682	17116	7594	OVER	OVER	OVER	25949	6376	7064	7088	39033	17152	28074	11601	6519	6864	6781	32208	14525	18076	22179	6611	7325	6891	26864	13819	21513	14.166666666666666	14.1666666666667
51300	29.4	6664	13045	7754	OVER	OVER	OVER	32194	6737	10824	7548	OVER	OVER	OVER	37862	6725	17047	7316	OVER	OVER	OVER	27632	6401	6767	7100	39395	17455	28264	11875	6545	7088	6793	31971	14663	18274	22067	6675	7267	6972	26700	13756	21561	14.25	14.25
51600	29.2	6678	12790	7783	OVER	OVER	OVER	32460	6701	10730	7435	OVER	OVER	OVER	38522	6708	16829	7357	OVER	OVER	OVER	26091	6392	7028	7091	40456	17190	28368	11732	6570	6992	6874	31701	14463	18257	22217	6817	7525	6826	27134	13965	21139	14.333333333333334	14.3333333333333
51900	29.2	6693	12877	7748	OVER	OVER	OVER	32766	6688	10616	7510	OVER	OVER	OVER	38115	6642	17307	7374	OVER	OVER	OVER	26274	6462	6947	6977	38651	17220	27323	11575	6514	6999	6730	31166	14581	18290	22367	6608	7475	6833	26860	13832	21016	14.416666666666666	14.4166666666667
52200	29.3	6684	12807	7605	OVER	OVER	OVER	32106	6709	10944	7590	OVER	OVER	OVER	37227	6491	17334	7371	OVER	OVER	OVER	26077	6462	7068	7074	40183	17464	27664	11606	6495	7047	6736	30580	14712	18163	22079	6747	7317	6790	26596	14202	21166	14.5	14.5
52500	29.2	6684	12714	7823	OVER	OVER	OVER	32701	6743	10894	7343	OVER	OVER	OVER	38479	6538	17207	7385	OVER	OVER	OVER	26466	6505	6865	6866	39687	17375	28309	11880	6553	6966	6937	30451	14997	18013	21691	6724	7417	6765	27064	13887	21370	14.583333333333334	14.5833333333333
52800	29.5	6723	13001	7536	OVER	OVER	OVER	33080	6719	11094	7458	OVER	OVER	OVER	39533	6860	17638	7404	OVER	OVER	OVER	26938	6403	6904	7076	39838	17299	27644	11586	6751	7096	6894	30271	14807	18093	21620	6670	7384	6790	26671	13712	21264	14.666666666666666	14.6666666666667
53100	29.1	6717	13037	7664	OVER	OVER	OVER	33301	6636	10690	7412	OVER	OVER	OVER	38654	6676	17247	7315	OVER	OVER	OVER	26762	6437	6907	6953	39120	17279	28027	11952	6557	7106	6932	30647	14774	18274	21802	6637	7407	6811	26658	13891	20996	14.75	14.75
53400	29.1	6625	13105	7669	OVER	OVER	OVER	33546	6547	10819	7494	OVER	OVER	OVER	38384	6632	17095	7393	OVER	OVER	OVER	26364	6439	6961	6931	39618	17651	27354	11650	6467	6964	6656	30558	14639	18099	22038	6557	7513	6800	26739	13909	20985	14.833333333333334	14.8333333333333
53700	29.4	6752	13214	7757	OVER	OVER	OVER	32986	6684	10719	7597	OVER	OVER	OVER	38779	6697	17362	7476	OVER	OVER	OVER	27246	6469	6950	7020	39704	17768	27237	11366	6563	6976	6844	30575	14594	17876	21676	6658	7244	6881	26560	13705	21359	14.916666666666666	14.9166666666667
54000	29.1	6783	12868	7740	OVER	OVER	OVER	32188	6756	10914	7502	OVER	OVER	OVER	38591	6592	17453	7568	OVER	OVER	OVER	27039	6592	7004	7020	38979	17276	26788	11445	6482	6879	7005	31011	14255	18314	20709	6644	7219	6715	26612	13908	21255	15	15
54300	29.3	6753	13174	7599	OVER	OVER	OVER	32569	6521	10688	7324	OVER	OVER	OVER	38341	6689	17203	7551	OVER	OVER	OVER	27237	6349	6969	6992	38890	17348	26681	11740	6574	6985	6923	31617	14011	17941	21320	6650	7401	6759	26105	13687	20998	15.083333333333334	15.0833333333333
54600	29.2	6706	12897	7615	OVER	OVER	OVER	32402	6692	10597	7432	OVER	OVER	OVER	38736	6590	16740	7430	OVER	OVER	OVER	26395	6417	7169	6963	40225	17207	26939	11409	6523	6877	6780	30769	14162	18148	21582	6652	7418	6933	26268	13616	21346	15.166666666666666	15.1666666666667
54900	29.2	6662	13064	7567	OVER	OVER	OVER	30989	6636	10758	7456	OVER	OVER	OVER	38583	6648	17441	7429	OVER	OVER	OVER	26301	6549	6898	7054	39484	17323	27218	11336	6527	6982	6861	30934	14090	18351	21545	6676	7293	6894	26563	13711	20977	15.25	15.25
55200	29.2	6717	13220	7725	OVER	OVER	OVER	32261	6595	10715	7293	OVER	OVER	OVER	39051	6741	17451	7509	OVER	OVER	OVER	25767	6446	6939	7171	38905	17350	26792	11364	6680	7043	6986	30690	14204	18180	21051	6715	7299	6916	26825	13734	21532	15.333333333333334	15.3333333333333
55500	29.3	6737	12947	7805	OVER	OVER	OVER	32386	6613	10763	7399	OVER	OVER	OVER	39193	6470	17575	7400	OVER	OVER	OVER	26296	6664	6998	6968	38799	17801	27573	11307	6679	6988	6718	30335	14063	17889	21504	6567	7412	6959	26059	13814	21443	15.416666666666666	15.4166666666667
55800	29.3	6723	12718	7586	OVER	OVER	OVER	31935	6585	11340	7408	OVER	OVER	OVER	37659	6740	16615	7540	OVER	OVER	OVER	25916	6384	6817	6994	39608	17025	26812	11142	6668	6918	6807	30751	14539	17829	22421	6781	7442	6908	25949	13746	20936	15.5	15.5
56100	29.2	6863	12707	7655	OVER	OVER	OVER	30927	6657	10851	7620	OVER	OVER	OVER	38319	6641	17113	7561	OVER	OVER	OVER	25763	6418	6981	6973	39931	17017	27323	11350	6617	7004	6881	30773	14536	17366	21934	6598	7368	6990	26407	13501	20631	15.583333333333334	15.5833333333333
56400	29.2	6699	12757	7586	OVER	OVER	OVER	31899	6717	10970	7347	OVER	OVER	OVER	38345	6597	17171	7356	OVER	OVER	OVER	25908	6563	7029	7107	38569	17398	26811	11424	6699	6870	6853	30643	14339	17619	21879	6794	7319	7011	26411	13581	21243	15.666666666666666	15.6666666666667
56700	29.4	6602	12880	7764	OVER	OVER	OVER	32291	6897	11221	7444	OVER	OVER	OVER	38825	6755	16648	7492	OVER	OVER	OVER	26122	6467	6924	7006	39975	17441	26323	11392	6528	6948	6973	30908	14194	17815	22033	6845	7433	6920	26084	13371	20993	15.75	15.75
57000	29.4	6930	12900	7568	OVER	OVER	OVER	31362	6681	10782	7339	OVER	OVER	OVER	38373	6557	17126	7596	OVER	OVER	OVER	25925	6539	6991	6996	38694	17473	27107	11205	6445	6894	6868	31010	14449	17894	21539	6755	7322	6967	26419	13528	21065	15.833333333333334	15.8333333333333
57300	29.1	6661	12972	7695	OVER	OVER	OVER	31223	6691	10891	7218	OVER	OVER	OVER	38702	6757	16860	7365	OVER	OVER	OVER	25634	6401	6907	6993	38962	17228	26835	11514	6725	7065	6873	30290	14578	17873	20475	6911	7384	6900	26151	13566	20793	15.916666666666666	15.9166666666667
57600	29.3	6754	12787	7792	OVER	OVER	OVER	31468	6504	11150	7462	OVER	OVER	OVER	37853	6578	17243	7510	OVER	OVER	OVER	26420	6477	7007	7030	38995	16862	26605	11448	6545	7232	6763	30460	14514	17988	20672	6748	7382	6870	25538	13494	21314	16	16
57900	29.3	6750	13121	7721	OVER	OVER	OVER	31228	6688	10937	7591	OVER	OVER	OVER	37627	6585	16676	7433	OVER	OVER	OVER	25809	6303	6986	7200	39019	17011	27126	11285	6608	6945	6853	30492	14852	17910	21026	6765	7496	6747	25701	13699	20889	16.083333333333332	16.0833333333333
58200	29.1	6655	13250	7776	OVER	OVER	OVER	31217	6764	10993	7489	OVER	OVER	OVER	36973	6669	16587	7464	OVER	OVER	OVER	26420	6533	7008	7074	39413	16888	26320	11100	6634	6850	6829	30206	14597	17922	21220	6689	7561	6914	25413	13534	21625	16.166666666666668	16.1666666666667
58500	29.1	6796	12709	7677	OVER	OVER	OVER	32423	6701	10933	7584	OVER	OVER	OVER	38387	6740	16620	7384	OVER	OVER	OVER	26110	6441	6828	7012	38662	16664	26600	11016	6700	7054	6949	30022	14339	17189	21215	6703	7473	6809	25547	13401	21103	16.25	16.25
58800	29.1	6562	13075	7499	OVER	OVER	OVER	31667	6798	10883	7585	OVER	OVER	OVER	38208	6827	16536	7279	OVER	OVER	OVER	26095	6420	7046	7005	39083	16912	26607	11083	6610	7059	6906	30505	14115	17475	21390	6637	7312	6812	25482	13520	20577	16.333333333333332	16.3333333333333
59100	29	6683	12756	7607	OVER	OVER	OVER	31364	6763	10556	7529	OVER	OVER	OVER	38682	6644	16227	7387	OVER	OVER	OVER	26338	6543	6887	6921	38145	17137	26524	11207	6592	6861	6799	30593	14298	17772	21676	6594	7367	7029	25896	13661	20589	16.416666666666668	16.4166666666667
59400	29.4	6707	12620	7800	OVER	OVER	OVER	32753	6724	10897	7612	OVER	OVER	OVER	39914	6602	16618	7560	OVER	OVER	OVER	25858	6454	6950	7083	38685	17031	26029	11167	6584	6978	6812	30349	14285	17471	21565	6745	7494	6864	25617	13619	21020	16.5	16.5
59700	29.2	6561	12935	7458	OVER	OVER	OVER	32696	6727	10665	7390	OVER	OVER	OVER	38960	6630	16854	7514	OVER	OVER	OVER	27189	6677	6979	7172	38340	17475	27208	11270	6434	6755	6692	30681	14611	17103	21829	6690	7541	6900	25988	13375	20885	16.583333333333332	16.5833333333333
60000	29.2	6647	12674	7629	OVER	OVER	OVER	31268	6658	10917	7526	OVER	OVER	OVER	38927	6561	16919	7391	OVER	OVER	OVER	25920	6413	6956	7205	37572	17117	26436	11697	6507	6965	6925	30654	14808	17350	21178	6816	7395	6921	25763	13764	20725	16.666666666666668	16.6666666666667
60300	29.2	6698	12979	7829	OVER	OVER	OVER	31945	6656	10964	7382	OVER	OVER	OVER	38664	6593	17046	7361	OVER	OVER	OVER	26572	6401	6989	7228	38560	17225	26741	11175	6492	6933	6828	30228	14576	17406	22044	6810	7521	6936	26198	13389	20881	16.75	16.75
60600	29.3	6708	12611	7895	OVER	OVER	OVER	33391	6745	11174	7202	OVER	OVER	OVER	38840	6687	16585	7442	OVER	OVER	OVER	26685	6330	6937	7035	39363	17402	26123	11325	6676	6935	6804	30143	14375	17222	21412	6748	7629	6862	25690	13401	21017	16.833333333333332	16.8333333333333
60900	29.3	6797	12629	7825	OVER	OVER	OVER	31753	6847	10948	7507	OVER	OVER	OVER	38109	6654	16393	7387	OVER	OVER	OVER	26481	6544	6890	7075	37903	16896	26224	11328	6599	7039	6828	29923	14234	17423	21951	6764	7530	6765	26143	13405	20892	16.916666666666668	16.9166666666667
61200	29.2	6613	12538	7745	OVER	OVER	OVER	32334	6677	11033	7385	OVER	OVER	OVER	38599	6730	16647	7419	OVER	OVER	OVER	25962	6563	6785	7028	38271	17188	26416	11065	6563	6874	6819	30553	14251	17038	21090	6677	7636	6842	25646	13641	20852	17	17
61500	29.2	6833	12981	7749	OVER	OVER	OVER	31426	6575	11101	7436	OVER	OVER	OVER	36679	6660	17260	7494	OVER	OVER	OVER	24856	6485	6922	7055	37976	17460	26409	11244	6594	6999	6796	29983	14227	17421	21443	6656	7518	6897	25223	13587	20885	17.083333333333332	17.0833333333333
61800	29.3	6676	12951	7694	OVER	OVER	OVER	31298	6674	10872	7523	OVER	OVER	OVER	37303	6642	16297	7575	OVER	OVER	OVER	25077	6492	6775	7091	38177	17256	26544	11161	6634	6997	6818	29685	14471	17841	21660	6660	7502	6978	25530	13804	20840	17.166666666666668	17.1666666666667
62100	29.3	6760	12687	7646	OVER	OVER	OVER	31800	6668	10732	7481	OVER	OVER	OVER	37724	6618	16727	7496	OVER	OVER	OVER	25841	6423	7037	7052	38824	17599	26582	11245	6463	7005	6730	29955	14547	18026	21781	6586	7423	6894	25841	13342	21185	17.25	17.25
62400	29.1	6736	12827	7655	OVER	OVER	OVER	31748	6701	10763	7388	OVER	OVER	OVER	37388	6669	16812	7547	OVER	OVER	OVER	25830	6403	6846	6979	38488	17165	26784	11370	6437	6942	6789	29693	14287	17917	21271	6694	7406	6789	26255	13455	20811	17.333333333333332	17.3333333333333
62700	29.2	6712	12784	7596	OVER	OVER	OVER	31949	6766	11017	7370	OVER	OVER	OVER	37749	6539	16824	7355	OVER	OVER	OVER	26005	6353	6867	7083	38601	17057	26547	11288	6606	7023	6746	29490	14516	18246	21198	6673	7285	6860	25627	13575	20942	17.416666666666668	17.4166666666667
63000	29.3	6579	12943	7381	OVER	OVER	OVER	31482	6706	11190	7499	OVER	OVER	OVER	37621	6605	16417	7508	OVER	OVER	OVER	25823	6603	6902	7154	38004	17097	26755	11206	6615	7025	6853	29910	13903	17602	21207	6553	7371	6802	25762	13602	20965	17.5	17.5
63300	29.4	6671	12865	7717	OVER	OVER	OVER	31682	6574	10699	7314	OVER	OVER	OVER	38272	6549	16600	7410	OVER	OVER	OVER	25115	6586	7031	6967	37916	16887	26780	11225	6576	6889	6790	29846	14107	17429	21367	6750	7424	6804	26049	13668	20900	17.583333333333332	17.5833333333333
63600	29.2	6725	12947	7517	OVER	OVER	OVER	31721	6736	10885	7490	OVER	OVER	OVER	36466	6484	17013	7216	OVER	OVER	OVER	25495	6537	6896	6969	37948	17234	26557	11064	6639	6789	6792	29516	14445	17423	21599	6564	7382	6645	25270	13841	19754	17.666666666666668	17.6666666666667
63900	29.4	6523	12841	7580	OVER	OVER	OVER	30467	6563	10747	7313	OVER	OVER	OVER	36989	6764	16954	7290	OVER	OVER	OVER	25955	6280	6861	7036	38239	16753	26929	11168	6607	7026	6826	29139	14434	17308	21756	6661	7306	6867	25165	13406	20466	17.75	17.75
64200	29.3	6787	13265	7366	OVER	OVER	OVER	31454	6559	10378	7435	OVER	OVER	OVER	36934	6559	16678	7339	OVER	OVER	OVER	26104	6471	6949	6910	38147	16886	26698	10957	6579	6836	6835	29636	14484	17387	21715	6628	7346	6792	25429	13587	21078	17.833333333333332	17.8333333333333
64500	29.4	6666	13098	7695	OVER	OVER	OVER	31642	6542	10473	7310	OVER	OVER	OVER	37444	6598	16741	7250	OVER	OVER	OVER	25322	6409	6969	7085	37441	17002	27122	11004	6543	7043	6753	29254	14231	17613	21515	6711	7382	7061	25621	13042	21380	17.916666666666668	17.9166666666667
64800	29.2	6583	13091	7678	OVER	OVER	OVER	32371	6745	11082	7589	OVER	OVER	OVER	36799	6594	17108	7335	OVER	OVER	OVER	26241	6435	7087	7226	37608	17065	27181	11103	6610	6946	6938	29518	13994	17699	20478	6804	7401	6712	25479	13447	20812	18	18
65100	29.2	6768	13383	7596	OVER	OVER	OVER	31827	6770	10905	7358	OVER	OVER	OVER	36655	6670	17167	7376	OVER	OVER	OVER	25524	6539	6944	6956	37630	17378	26796	11015	6510	6956	6767	29285	14087	17539	20775	6841	7215	6757	25151	13104	20579	18.083333333333332	18.0833333333333
65400.1	29.1	6751	13260	7652	OVER	OVER	OVER	31613	6690	10936	7316	OVER	OVER	OVER	36017	6736	17515	7430	OVER	OVER	OVER	25495	6491	6923	7222	37570	16907	26687	11060	6489	6858	6835	28677	14323	17335	20776	6653	7386	6828	25329	13228	21035	18.166694444444442	18.1666944444444
65700.6	29.3	6716	13151	7588	OVER	OVER	OVER	30968	6708	10946	7452	OVER	OVER	OVER	35786	6561	17062	7408	OVER	OVER	OVER	25385	6582	6867	6867	37542	16622	26387	10943	6532	6915	6854	28280	13992	17252	20640	6592	7295	6967	25144	13168	20879	18.250166666666665	18.2501666666667
66000.6	29.4	6638	13092	7693	OVER	OVER	OVER	32114	6724	11018	7419	OVER	OVER	OVER	36440	6513	17531	7603	OVER	OVER	OVER	25161	6372	7170	7090	37019	16339	26687	11174	6498	7052	6846	29138	14008	17135	20677	6670	7374	6723	25538	13372	20502	18.3335	18.3335
66300.6	29.1	6676	13088	7623	OVER	OVER	OVER	31278	6773	10906	7417	OVER	OVER	OVER	36610	6741	17130	7402	OVER	OVER	OVER	26295	6573	6943	6954	37596	16744	26866	11127	6432	6922	6884	28470	14337	17196	21527	6613	7445	6882	24898	13281	20200	18.416833333333333	18.4168333333333
66600.6	29.3	6578	13058	7633	OVER	OVER	OVER	30808	6773	10852	7409	OVER	OVER	OVER	35163	6591	17310	7415	OVER	OVER	OVER	26542	6494	6973	6969	37250	16430	26515	11083	6520	6969	6781	28746	14469	17388	20945	6620	7379	6894	24932	13426	20352	18.500166666666665	18.5001666666667
66900.6	29.4	6711	13374	7699	OVER	OVER	OVER	30574	6666	11092	7496	OVER	OVER	OVER	35196	6658	17123	7396	OVER	OVER	OVER	26101	6464	6853	7125	37478	16646	26852	10917	6658	6803	6769	28738	14117	17567	21369	6625	7439	6669	24934	13381	20694	18.5835	18.5835
67200.6	29.2	6642	12986	7633	OVER	OVER	OVER	30697	6621	10851	7538	OVER	OVER	OVER	36151	6605	17446	7321	OVER	OVER	OVER	25169	6539	6921	7013	36950	16682	26993	10867	6620	6911	6808	27913	14126	17604	21432	6701	7523	6977	24500	13304	20609	18.666833333333333	18.6668333333333
